3.779993075898946397e-02 3.589442488836985801e-02 2.654039453102044477e-02 3.458612558531043435e-02 3.732068419991454999e-02 4.307060647490121297e-02 2.647396323163533904e-02 2.864398559190900473e-02 3.793982748338577127e-02 3.051615447862715547e-02 1.330210044099466860e-02 2.301943661337479963e-02 8.278038908283852360e-03 3.278235857582612045e-02 2.576322123857063828e-02 2.956875267895345272e-02 4.830224514936684588e-02 4.028719524888460524e-02 4.625432224603330533e-02 5.030636233117820322e-02 6.521267926381676960e-02 6.625605145765976756e-02 6.730631362994776712e-02 7.160770292430528039e-02 6.769835336574246687e-02 7.055126539435963018e-02 7.383432648014681687e-02 7.208891197981243115e-02 7.200759499696210431e-02 8.054522270778084747e-02
3.833259213536169274e-02 3.586673393491866813e-02 2.659802371039030056e-02 3.430528338919472398e-02 3.736143045301343335e-02 4.319661066909552538e-02 2.718463342877938671e-02 2.857912500249268350e-02 3.795491072606781147e-02 3.041956110570201433e-02 1.340208059660469297e-02 2.290257179784932484e-02 8.355927063787266240e-03 3.273650482112525073e-02 2.570496575081498980e-02 2.940075759460866744e-02 4.830271253002421661e-02 4.034545551438292743e-02 4.599500941832623813e-02 4.980176593431412391e-02 6.587266830263413531e-02 6.705064860107920466e-02 6.715018062557499834e-02 7.253418919918054597e-02 6.865327048660871401e-02 7.033518050695816703e-02 7.393923207395734776e-02 7.144119829371481378e-02 7.180412889327400516e-02 8.134454360336469680e-02
3.835843228435292795e-02 3.640592023415409328e-02 2.738717643240187738e-02 3.491057488976803680e-02 3.766766965989824800e-02 4.339264948288099055e-02 2.727712664886580707e-02 2.877281788846838828e-02 3.816391676828052859e-02 3.065206327683422938e-02 1.353410987514788721e-02 2.318619544935521248e-02 8.437513421196085606e-03 3.317453368979056405e-02 2.544876961428454987e-02 2.936743914331738092e-02 4.838799096530899124e-02 4.070888624442557668e-02 4.603404324952847793e-02 4.982733369870712137e-02 6.502442901596040825e-02 6.691512640481155072e-02 6.668597304018201999e-02 7.262874155034422519e-02 6.816726896866039109e-02 6.976366356649869871e-02 7.286762102709584688e-02 7.105134255333936388e-02 7.220431816457097141e-02 8.086884373023996153e-02
3.826359602130927073e-02 3.682689301124386638e-02 2.646099566164050731e-02 3.474528763819266508e-02 3.742109400997516155e-02 4.313701994441651588e-02 2.749779751479003442e-02 2.906186282829051337e-02 3.847782994498458176e-02 3.056557849910074287e-02 1.351140968913169815e-02 2.316885496974688263e-02 8.645676770307336723e-03 3.369235663156569527e-02 2.630467896348789858e-02 2.923232696690211685e-02 4.785641934162514211e-02 4.070190516154544025e-02 4.587514255657024198e-02 5.095199557843448079e-02 6.551820668137579851e-02 6.672777789048142671e-02 6.779895542091755878e-02 7.267334573393108288e-02 6.820252698221741794e-02 7.070226956045894129e-02 7.359723171731921698e-02 7.180207839985733309e-02 7.203528335124087523e-02 8.075579191917618693e-02
3.814184677904694509e-02 3.541883521220164088e-02 2.637901917255214279e-02 3.425183920847373054e-02 3.723597053113598954e-02 4.230346531437423341e-02 2.645706659653151993e-02 2.891012119180377815e-02 3.738272091796254748e-02 3.007221487785308178e-02 1.333158686449584240e-02 2.275754586101216836e-02 8.488419800029484152e-03 3.293530845945616403e-02 2.617138830455351117e-02 2.929970335145795635e-02 4.732083863830063852e-02 4.058161298190111899e-02 4.548510386557694241e-02 5.033779933855353494e-02 6.471838570795528101e-02 6.636149188697235135e-02 6.735999702577645520e-02 7.279722683928262217e-02 6.797969172427752171e-02 7.092200282144445200e-02 7.391177471290390211e-02 7.138951528122300383e-02 7.209643310421395834e-02 8.011082269173833148e-02
3.680897664028170979e-02 3.470688603968685726e-02 2.540377735785001589e-02 3.389977557072086645e-02 3.710315310001449651e-02 4.338192500574476751e-02 2.685335367559024689e-02 2.872889754316224065e-02 3.800005358613567363e-02 3.032974513362643454e-02 1.308204229113429928e-02 2.276615652430982739e-02 8.049370834891572679e-03 3.257078806751337319e-02 2.565454777571626876e-02 2.863551698631608411e-02 4.782978446707047970e-02 4.041632852217447169e-02 4.544830228756832624e-02 4.945466254853156385e-02 6.470908265542342497e-02 6.537602920552668118e-02 6.636869333468253807e-02 7.098288931624356646e-02 6.697600414060533858e-02 7.041758544417235643e-02 7.330651259772796857e-02 7.074436990490458321e-02 7.204162542321486395e-02 8.038217671367695050e-02
3.736467370702911683e-02 3.578107011123951575e-02 2.637150203363750056e-02 3.377463443164799295e-02 3.742390278235924184e-02 4.320095802957590880e-02 2.634031857045135427e-02 2.849404796086860148e-02 3.738549660726123158e-02 3.032654272853169131e-02 1.308356698292148512e-02 2.256295199068378277e-02 8.119082117379272656e-03 3.232271515685006258e-02 2.553000048875342376e-02 2.884926720622396634e-02 4.765979864406970357e-02 3.991921307667450902e-02 4.525671029853035876e-02 4.916515007356639377e-02 6.453677303096089224e-02 6.604892962817834889e-02 6.608361846093764591e-02 7.151967859209394651e-02 6.738880885846605662e-02 6.966543966460567172e-02 7.355247820995321206e-02 7.037955023387307274e-02 7.135190013838742240e-02 8.099868894314719847e-02
3.868046896145943547e-02 3.653956360059718023e-02 2.770269335336550398e-02 3.471806339549945997e-02 3.807231398318897120e-02 4.343955107623811984e-02 2.660106869039435828e-02 2.876018782347705693e-02 3.798401907008440437e-02 3.041267975798375711e-02 1.357769673220582396e-02 2.285437459447306474e-02 8.333257653452830205e-03 3.268682296875335958e-02 2.562479018099889094e-02 2.894370011893035444e-02 4.762355926877362422e-02 4.023022185843433407e-02 4.532685134250205583e-02 4.972953860348187927e-02 6.484534026997108846e-02 6.612933675290857960e-02 6.667121588851175618e-02 7.165073437604432827e-02 6.756175000884157011e-02 7.021116520514328330e-02 7.338882481476499686e-02 7.063175116393165254e-02 7.261425117463130019e-02 8.054560904673213617e-02
3.823749966788114740e-02 3.640281552628044093e-02 2.721248212835666869e-02 3.477022438445054320e-02 3.815980698102197644e-02 4.322852739232591057e-02 2.716316367293539202e-02 2.839929696958098937e-02 3.838332107288781880e-02 3.008151745583109715e-02 1.353802471183232492e-02 2.255334219278362640e-02 8.022958321257628311e-03 3.191906314011166979e-02 2.495870420958140601e-02 2.908992631438575560e-02 4.764242655937012128e-02 3.991211141170039611e-02 4.567769236158381041e-02 4.924985499418312040e-02 6.461214015507349417e-02 6.605933883282445740e-02 6.598809020715133700e-02 7.262532473553243162e-02 6.750455245529089765e-02 6.986366019531595195e-02 7.356325854785078500e-02 6.996350155748942701e-02 7.151938911145669375e-02 8.063603739585625818e-02
3.827612150100080657e-02 3.648671239401805877e-02 2.664318291367165359e-02 3.390633956493357970e-02 3.739901005482262897e-02 4.345121241598616513e-02 2.747353768374558025e-02 2.804214924144002308e-02 3.803772471415606260e-02 3.065064941848075208e-02 1.330298773078647523e-02 2.297529170369247420e-02 8.284509840701392847e-03 3.267484100395487423e-02 2.584194058518216042e-02 2.913671230299508252e-02 4.807767423028820597e-02 4.022244637574723392e-02 4.566829102219603642e-02 4.932266805569757162e-02 6.521114007096939780e-02 6.640775215829076983e-02 6.657751081681245742e-02 7.178866453792047408e-02 6.759680804553548639e-02 7.056074990460439733e-02 7.396322358910367711e-02 7.109812363203554808e-02 7.197824856455041498e-02 7.994455397289949861e-02
3.792432067641049453e-02 3.619166255357531004e-02 2.696762975875921509e-02 3.441805270997218280e-02 3.743089937869938100e-02 4.308432062982288369e-02 2.634018719195355129e-02 2.864274033813699050e-02 3.784525856645427899e-02 3.006368592124913919e-02 1.301303559145144950e-02 2.284517613221637156e-02 7.930291208520207080e-03 3.224468986259772241e-02 2.451713312099501607e-02 2.865949246614071799e-02 4.785125078584792635e-02 4.017349451859594800e-02 4.500395832918163697e-02 4.896459156704623117e-02 6.502336788240473120e-02 6.594438083753542679e-02 6.602544028889953398e-02 7.218235734799538506e-02 6.699102469348555688e-02 6.942310723391621752e-02 7.274307254048685556e-02 7.049097932895684315e-02 7.122220102851570256e-02 8.073007441302348930e-02
3.786323050665266199e-02 3.588839937659216162e-02 2.685376737306313655e-02 3.453390508102735512e-02 3.708528352128520611e-02 4.318097887062452567e-02 2.675359277093655730e-02 2.855819391279285080e-02 3.748220045650191290e-02 3.021343179605620599e-02 1.350716358457737520e-02 2.268136432834966243e-02 8.102085405916781280e-03 3.257354345369133097e-02 2.562250831859883005e-02 2.871958521814904630e-02 4.812841743244969384e-02 4.025401232898800918e-02 4.537780724974455060e-02 4.941322686939525477e-02 6.482233043458435207e-02 6.579982072258884485e-02 6.663528015203429300e-02 7.145345389508599154e-02 6.697301451269496719e-02 7.057060543981935608e-02 7.299356765242155654e-02 7.132765834854813691e-02 7.229151766704934590e-02 8.012942163947971153e-02
3.793446477455236776e-02 3.580225335469504333e-02 2.638078723430573036e-02 3.455280550580105969e-02 3.732251076938875034e-02 4.350411668866269177e-02 2.650358582140960317e-02 2.879893664986246660e-02 3.785268408590583555e-02 3.068285399405903946e-02 1.340766554799940891e-02 2.313435962353838082e-02 8.336945161822789663e-03 3.293734294586753153e-02 2.568668961507172832e-02 2.926862676871219704e-02 4.765686818692704829e-02 4.023318917680653029e-02 4.543231955184230675e-02 4.985026339418983932e-02 6.430718044331802663e-02 6.593111400809183176e-02 6.731645733746489946e-02 7.238962776654368769e-02 6.768154841331169846e-02 7.058287248886711829e-02 7.377421475442094700e-02 7.147943980789724094e-02 7.153975097219593404e-02 8.073977130924797629e-02
3.812009181465421392e-02 3.600296289462705246e-02 2.660397421421739628e-02 3.382925265299591144e-02 3.728679508276984411e-02 4.335759746451639529e-02 2.657569475315330054e-02 2.837971422683568945e-02 3.785798772073156737e-02 3.024857379254725087e-02 1.323575960958076059e-02 2.274535028445276441e-02 8.254761069097282800e-03 3.235534595186000117e-02 2.505883793720703467e-02 2.905790280570522133e-02 4.743179109517117742e-02 4.009008580877168604e-02 4.555739245989982866e-02 4.964981279810090631e-02 6.522921632613021270e-02 6.644521768782396531e-02 6.669772538294525821e-02 7.173479487846211311e-02 6.799193081985199782e-02 6.964629304508102026e-02 7.305641379946967162e-02 7.094408891440992515e-02 7.307338401022377139e-02 8.056352916486607396e-02
3.803661582432613097e-02 3.653751142045474909e-02 2.642631561086528080e-02 3.406862453388798118e-02 3.743058311494742996e-02 4.247541671900843807e-02 2.733479301465363553e-02 2.922634666850357221e-02 3.829021689770534254e-02 3.004946536675912050e-02 1.338827868106373664e-02 2.253232368684338072e-02 8.292104933569188763e-03 3.275240874828233562e-02 2.531397395375528658e-02 2.892377974215182279e-02 4.764258361902448669e-02 4.029198309861420357e-02 4.547608067664701825e-02 4.931346989906146283e-02 6.513854663779507226e-02 6.663990170591545248e-02 6.673894455684498128e-02 7.218626219317526849e-02 6.809240663589787024e-02 7.001452249232123504e-02 7.321692325829216863e-02 7.124098064673391184e-02 7.247254762367748293e-02 8.047472418992386578e-02
3.833551165008192152e-02 3.626229763447072485e-02 2.737538373731462915e-02 3.399767189360639041e-02 3.786088987929805971e-02 4.331994248023326999e-02 2.737689994823272466e-02 2.867873847105142926e-02 3.845023275244839611e-02 3.056644555712836886e-02 1.361627400000139931e-02 2.304249104902136858e-02 8.644011514380239847e-03 3.365387783112945563e-02 2.629259482612480991e-02 2.950581420773129571e-02 4.797624315592941002e-02 4.043553976313739307e-02 4.616648735034267759e-02 5.029490080890711146e-02 6.519074779871726621e-02 6.631267098837660690e-02 6.722259627467541687e-02 7.325287410764269591e-02 6.803158513348692149e-02 7.104734177301022524e-02 7.420679395523727129e-02 7.148866270373874232e-02 7.246074766548435409e-02 8.019312788004102910e-02
3.829997129030131287e-02 3.606209332884324770e-02 2.661548864690949090e-02 3.339836895359230007e-02 3.744326692759256114e-02 4.316705871057677224e-02 2.656653347367723961e-02 2.824853297188559265e-02 3.767323383958215421e-02 3.049158217577851993e-02 1.329240644122420267e-02 2.281786172954036740e-02 8.103957301661496304e-03 3.221497014675325787e-02 2.479059467120597882e-02 2.887815726655187931e-02 4.762388045933056702e-02 4.019286999748442057e-02 4.537889600532471479e-02 4.942231654128376173e-02 6.418762915955000814e-02 6.611950912879845099e-02 6.623644502251803401e-02 7.128465948832535259e-02 6.753375960434798708e-02 6.983711899051961436e-02 7.331455372929412961e-02 7.037888634178117442e-02 7.148778185842437349e-02 8.018179383995588383e-02
3.845577217829260208e-02 3.622689943254550626e-02 2.678379803460040343e-02 3.455801398271052260e-02 3.773124938232851056e-02 4.370903182708169021e-02 2.743295743349147275e-02 2.924537649356376279e-02 3.846114127434452357e-02 3.104141554744974107e-02 1.385033601321231100e-02 2.364371294948786062e-02 9.007197159768859374e-03 3.444053601549156018e-02 2.738972216787410874e-02 3.031345377105407191e-02 4.841003914824090759e-02 4.138788941772564289e-02 4.685372484099009638e-02 5.168885815565256447e-02 6.601859750167027308e-02 6.697427323767463081e-02 6.839621176169546901e-02 7.294268168704949595e-02 6.866419535062967539e-02 7.187873787379067680e-02 7.449549224076368326e-02 7.259850233197574776e-02 7.388209038911891513e-02 8.177150804080750290e-02
3.821805921123382077e-02 3.627451420503866042e-02 2.642444032997132153e-02 3.439814854313441583e-02 3.757344855548737372e-02 4.264590596315279147e-02 2.677749468352547124e-02 2.870232673359862652e-02 3.776760315626306874e-02 3.034807442658199461e-02 1.337779136807881741e-02 2.314295929203052937e-02 8.041655361106125888e-03 3.287936335085163420e-02 2.474457748041544725e-02 2.863229676616729780e-02 4.723443981385280765e-02 4.022809112691591582e-02 4.487170618478836248e-02 4.955362716139691259e-02 6.554332813643803934e-02 6.621343961599057693e-02 6.603874080417833359e-02 7.170240850700185242e-02 6.739229000669616498e-02 6.981762694670982927e-02 7.307787466140830412e-02 7.017778918288843093e-02 7.077732239741239828e-02 8.012729157971291982e-02
3.796015867438884417e-02 3.598817422551957301e-02 2.730562909642630931e-02 3.448738798521908122e-02 3.698809508717403050e-02 4.322637122228373263e-02 2.594233291137329478e-02 2.877216322201700538e-02 3.822137255313823312e-02 3.055907077439390385e-02 1.327466155172182805e-02 2.280676694010561056e-02 8.216782819608497990e-03 3.254107286326905768e-02 2.526969630706252246e-02 2.873744069945577406e-02 4.783267429334439602e-02 3.993151158989979854e-02 4.576038553124958663e-02 4.969461695070512275e-02 6.484088633113553601e-02 6.658800855084835713e-02 6.723784789743647572e-02 7.102433432289120829e-02 6.797094240707218793e-02 7.023009719893841263e-02 7.333484824819012926e-02 7.207094348323968280e-02 7.259200742612421930e-02 7.985591429246337303e-02
3.780209788629777801e-02 3.628393064492271836e-02 2.639653169679148648e-02 3.437272984802458575e-02 3.694671792092595053e-02 4.274535469103035723e-02 2.724635673529504643e-02 2.830060431232070406e-02 3.810733263435360507e-02 3.035932958492335021e-02 1.297870977940346338e-02 2.313191639479958428e-02 8.245277397019662446e-03 3.288683327734584494e-02 2.573180605540925647e-02 2.938185069212562173e-02 4.805387007261512078e-02 3.964165196123227430e-02 4.581814277538293068e-02 5.017314016503759966e-02 6.498221106456730789e-02 6.659289864322412433e-02 6.672075122068829578e-02 7.267540069591087171e-02 6.796231965155630217e-02 7.040792673780364719e-02 7.350940195222936679e-02 7.092970347332683279e-02 7.145995212304685762e-02 8.046063785097447296e-02
3.810009145476370152e-02 3.659855711693563163e-02 2.649585443667668017e-02 3.456282933828871973e-02 3.749865833040505469e-02 4.352510414012766837e-02 2.782797134979927978e-02 2.850133944735339098e-02 3.825330538118190682e-02 3.048075350582232779e-02 1.340643484275197417e-02 2.297724638205284053e-02 8.366168293221759589e-03 3.284647385116890028e-02 2.531855116632528158e-02 2.910294992486120447e-02 4.828163559252662829e-02 4.061421748391064179e-02 4.606336466981217348e-02 4.996345285970815731e-02 6.514886943542921860e-02 6.648346436641046353e-02 6.709440814972282563e-02 7.257443331626524385e-02 6.779203382653054000e-02 6.999308151959277025e-02 7.363642639491146946e-02 7.054270113516707130e-02 7.090388694979578299e-02 8.124074772097138186e-02
3.775978513035228856e-02 3.650831618564613634e-02 2.763965747973831655e-02 3.419881490163489968e-02 3.758769551985256807e-02 4.374884988718598378e-02 2.689979649234497394e-02 2.926168901730305527e-02 3.856532614717947394e-02 3.075680625540744284e-02 1.376322871891466626e-02 2.340240195291029557e-02 9.290003811011998680e-03 3.374066334947437018e-02 2.720474369367006928e-02 3.027848198144120206e-02 4.799226808748449646e-02 4.115313843106438441e-02 4.684593877793255534e-02 5.064874153275572555e-02 6.590072926295363620e-02 6.743416406976497635e-02 6.790612656326638907e-02 7.295363028071299993e-02 6.878930504577124294e-02 7.133804227786928742e-02 7.476416069757541027e-02 7.227776107242782355e-02 7.303326177724767110e-02 8.177104551698879953e-02
3.833721682675717002e-02 3.642350338239354335e-02 2.712907422307780925e-02 3.456934036845915603e-02 3.753620429719548013e-02 4.302811422021021737e-02 2.724647325750273463e-02 2.845467570883322694e-02 3.792848392405542834e-02 3.026031019793384846e-02 1.329743212111031414e-02 2.284635084833380736e-02 8.053325806067462844e-03 3.242479186506040667e-02 2.548865097275207492e-02 2.873147804753173329e-02 4.740742061969516197e-02 3.968448189795507897e-02 4.507253507252215186e-02 4.930165296103219963e-02 6.458267788820752642e-02 6.613707440896206269e-02 6.659634831378380415e-02 7.179595394383814222e-02 6.751122502490426724e-02 6.974055014552588139e-02 7.288454698901070117e-02 7.077482090814958549e-02 7.126702721120665995e-02 8.000163668846838050e-02
3.821128732597280087e-02 3.666870659954074574e-02 2.695426407137682667e-02 3.422742489034215352e-02 3.763762694627949268e-02 4.287832342790053042e-02 2.712150711250610469e-02 2.844818970363091615e-02 3.783147900039948719e-02 3.016774417013182163e-02 1.347402890890969651e-02 2.268232282933754784e-02 8.510986275947124424e-03 3.312804551778031348e-02 2.606536285990956880e-02 2.972490119384013640e-02 4.717977217060027872e-02 3.952287182877016469e-02 4.651466144319163498e-02 4.979630855733863104e-02 6.526562100279795220e-02 6.655588665709409602e-02 6.662813474659248780e-02 7.279664041205552438e-02 6.801326861047601868e-02 7.003028287595622348e-02 7.415555964403673650e-02 7.075391741315735505e-02 7.124697804265864298e-02 8.061406799147453894e-02
3.827268084651171132e-02 3.614381974187388935e-02 2.713064165333115008e-02 3.430484749873907724e-02 3.714769589156780016e-02 4.275903073471316873e-02 2.659417896354485111e-02 2.857872317932197426e-02 3.767224235157089207e-02 3.001236798347142742e-02 1.334412489010469716e-02 2.275508181016644427e-02 8.197186468879569254e-03 3.203846630239973181e-02 2.564432035337202431e-02 2.870254036056510416e-02 4.832067276224243091e-02 4.049079609093930721e-02 4.518390667903260383e-02 4.935066230562347445e-02 6.424869952499259740e-02 6.653188774049770271e-02 6.677689563080740909e-02 7.182980964825415315e-02 6.752401150499565130e-02 7.073079292073654323e-02 7.284865840694729200e-02 7.102995641879797373e-02 7.241056847996635293e-02 8.076188224205467503e-02
3.935675867333260358e-02 3.681047742388074417e-02 2.746916505847574186e-02 3.491946542395585329e-02 3.793848515748729500e-02 4.392830827165761232e-02 2.674563532777993191e-02 2.910638627076164719e-02 3.841321827189778104e-02 3.087091825474802542e-02 1.389379217964636926e-02 2.324473472826726894e-02 8.999725322944351902e-03 3.383384012442194888e-02 2.689115782418735612e-02 2.922937716516640916e-02 4.809667036004378060e-02 4.090069177505314957e-02 4.556131382812281250e-02 5.081401896039783317e-02 6.534561342029840403e-02 6.669399077312403168e-02 6.773798898408951719e-02 7.217079210715154902e-02 6.779081716550833248e-02 7.132644855615262458e-02 7.324918557151988141e-02 7.179270900770101660e-02 7.342881179539052783e-02 8.024279778892139114e-02
3.711453111339529931e-02 3.635702117454235605e-02 2.639506009773595618e-02 3.414124078025196352e-02 3.704124944114051132e-02 4.362122790632741443e-02 2.681289644111084502e-02 2.829413981069367479e-02 3.789043086765714330e-02 3.061542057473093381e-02 1.325516818247904349e-02 2.309287665212331198e-02 8.152604094022658510e-03 3.268672391659849241e-02 2.528785331094776656e-02 2.922737962103053033e-02 4.799852771019183506e-02 4.015195240110389086e-02 4.575354185722303735e-02 4.956041837327786193e-02 6.516944070386015975e-02 6.709111429763080225e-02 6.642957235827377793e-02 7.197467263598329723e-02 6.801169689976575838e-02 7.054217640496643349e-02 7.370232154818290304e-02 7.059275323717090211e-02 7.203171920563063158e-02 8.068382091779621734e-02
3.826155006398994363e-02 3.636832865997582931e-02 2.765772942223684860e-02 3.431361661284600129e-02 3.775990019994415747e-02 4.318551624077238138e-02 2.665681401758621116e-02 2.855175333682347105e-02 3.797308576658672830e-02 3.043080456783023302e-02 1.361525484565728750e-02 2.339878069390638471e-02 8.656322317562775703e-03 3.297420777060713903e-02 2.550660721736078274e-02 2.984396705709183029e-02 4.754127577135869309e-02 4.033530700847301476e-02 4.584479270868101197e-02 5.002282730551599332e-02 6.458979165789587029e-02 6.609484829920388160e-02 6.691109900034335201e-02 7.292647022277365387e-02 6.743352696778676103e-02 7.001978388396630504e-02 7.328876456505221959e-02 7.125655308082015638e-02 7.219311352696834716e-02 8.114322648193508791e-02
3.720077964308263208e-02 3.535679341654983376e-02 2.623083868310568945e-02 3.405425035680094414e-02 3.702279055868532009e-02 4.305508699563490027e-02 2.645193565043088557e-02 2.826672119963194452e-02 3.782559737506671627e-02 3.039490189929724973e-02 1.288152750019108672e-02 2.259080265566718038e-02 7.777179163309499987e-03 3.242201531531971326e-02 2.478869127089627922e-02 2.814447067664582747e-02 4.725161850513101558e-02 3.919207376103253648e-02 4.480028839515784456e-02 4.899035849474833726e-02 6.438734200834680954e-02 6.562746940969885201e-02 6.529549982245569373e-02 7.152002992506303891e-02 6.695123445653784755e-02 6.855651231459282402e-02 7.271264536483466878e-02 6.982684788984155899e-02 7.062319132047638337e-02 7.970007746912800839e-02
3.810404024705107973e-02 3.614844733857380810e-02 2.653309989804200630e-02 3.446324035837662614e-02 3.736222514249164239e-02 4.340290210708572238e-02 2.717507648898329076e-02 2.895968402654122698e-02 3.777834698631130084e-02 3.053187258951195471e-02 1.331877838518313872e-02 2.294100321456213343e-02 8.251620721611035991e-03 3.327075417153593784e-02 2.574164249338198318e-02 2.907423410084544746e-02 4.841144321742446577e-02 3.998135306329793359e-02 4.575289027104048611e-02 5.004332064284945647e-02 6.502578942566929199e-02 6.621382739991646393e-02 6.673140673028800374e-02 7.219251253451393346e-02 6.783952494283121415e-02 7.036546962801031035e-02 7.336814089928822558e-02 7.045653937431677061e-02 7.198766810617382439e-02 8.106942513871591427e-02
3.857668792495633214e-02 3.664287699433743661e-02 2.688294652897332826e-02 3.426814053923524228e-02 3.796465636386020526e-02 4.377205551488158597e-02 2.684847620706781735e-02 2.848403651843653406e-02 3.820337961644798552e-02 3.107637877814352356e-02 1.336115301500451213e-02 2.323033127770199324e-02 8.308660190034788950e-03 3.287856569599681422e-02 2.524790044952518464e-02 2.968442970870208142e-02 4.827104100576309897e-02 4.103650191919155921e-02 4.624994189583372939e-02 4.967828061707664500e-02 6.535102670199960384e-02 6.575520886271066234e-02 6.704855525671089833e-02 7.241856983584006591e-02 6.752883412188127876e-02 7.085751150519593866e-02 7.362995472596953195e-02 7.137903537291460931e-02 7.177249115245068478e-02 8.114075869436251920e-02
3.822334519559664190e-02 3.617249860069515766e-02 2.663383510754202543e-02 3.446343274631333276e-02 3.729898794852062882e-02 4.360213225277217997e-02 2.723058111004522663e-02 2.851646236051894046e-02 3.769125674676497562e-02 3.064516070334352693e-02 1.334108329157113193e-02 2.328690236308636474e-02 8.239925252597535277e-03 3.281730801836199585e-02 2.555672698138769516e-02 2.959133262378946250e-02 4.776575269379045030e-02 4.020976039143059344e-02 4.603246341371435013e-02 5.010831930647562105e-02 6.494199600911712555e-02 6.648541085724704591e-02 6.709956516290153938e-02 7.249576779683838956e-02 6.746397618674029872e-02 6.989075808238245924e-02 7.378026280118474278e-02 7.102365656390048632e-02 7.085427401315758100e-02 8.022199063169783984e-02
3.742196199053737793e-02 3.604689416382717004e-02 2.623769657882413231e-02 3.392928009240715748e-02 3.715713197659595290e-02 4.300799832209838136e-02 2.703940010771593849e-02 2.819758470064664957e-02 3.764482141295706630e-02 3.013990066577038052e-02 1.337204779053233206e-02 2.264706337785499235e-02 8.217493730788005823e-03 3.261941390205183589e-02 2.539211166246088669e-02 2.901625651280215212e-02 4.776439331260601273e-02 4.024174092813542769e-02 4.543602428093544698e-02 4.996701291011954038e-02 6.526681622274208006e-02 6.696228950892524345e-02 6.665304417025420813e-02 7.256597296175501532e-02 6.809818336967492225e-02 7.030587542312637106e-02 7.359385454378811198e-02 7.068149988796632033e-02 7.185314137954482150e-02 8.065471819902027273e-02
3.849391432739138197e-02 3.686644242660297444e-02 2.703908889636474910e-02 3.457132678042146301e-02 3.742669359841113708e-02 4.396644399672118564e-02 2.709903607396532688e-02 2.881638339359035572e-02 3.808145205051668980e-02 3.094045733662281750e-02 1.372252883906452392e-02 2.329417865228125550e-02 8.774738525819031354e-03 3.337744376732706963e-02 2.628183501634043240e-02 2.983083221232887827e-02 4.829790131111999507e-02 4.131406905827314513e-02 4.620299389039381199e-02 5.113297698042630623e-02 6.563441445830116294e-02 6.718473103601803331e-02 6.811014302108249485e-02 7.324584423628785479e-02 6.855716496418426398e-02 7.059851924369085763e-02 7.411923659600577752e-02 7.216483314256542936e-02 7.204328105967791607e-02 8.187535250804975351e-02
3.841433127037717499e-02 3.569727931227184570e-02 2.656706181514073561e-02 3.400161073867286055e-02 3.739916450351443711e-02 4.304491058533747860e-02 2.728279146103804176e-02 2.814714798391232398e-02 3.787728498304865354e-02 3.030839783389627229e-02 1.321807207063682710e-02 2.275981096899978851e-02 8.243854876282374899e-03 3.262750496205950312e-02 2.515472846030566978e-02 2.891626930844487520e-02 4.794170276470710590e-02 4.000737819392506667e-02 4.543932073968884322e-02 4.973512942438770845e-02 6.535035048867031404e-02 6.646998092447661821e-02 6.619797956090746338e-02 7.205300832761662999e-02 6.844030319319303890e-02 6.996796060722622335e-02 7.337959673567576169e-02 7.016822427963774478e-02 7.219716592150710044e-02 7.993890464953733177e-02
3.814151291263054300e-02 3.651598632682111212e-02 2.663533550016419782e-02 3.392707868806613125e-02 3.766172815324991818e-02 4.300677571367163277e-02 2.720774500069880752e-02 2.849366209260037475e-02 3.848189443516858432e-02 3.049570305174534313e-02 1.320968125475535659e-02 2.311298661632216200e-02 8.139093669675800946e-03 3.255953733928690363e-02 2.530217713119836676e-02 2.903139336976248708e-02 4.775026762541581538e-02 4.000646053997486407e-02 4.556766045732563164e-02 4.986228920594817926e-02 6.504015497913190336e-02 6.597158585269323472e-02 6.688322055153485268e-02 7.260375300313288982e-02 6.737189696593015587e-02 7.091283186260477489e-02 7.363235444968832533e-02 7.094161542809937493e-02 7.187615038836452086e-02 8.115291680664576957e-02
3.847902999865561446e-02 3.657532902639337724e-02 2.691354122464947873e-02 3.452202989971293878e-02 3.739084637316111848e-02 4.334083222303845850e-02 2.737774412779858668e-02 2.877653706292984670e-02 3.779390759141243450e-02 3.040680888798710790e-02 1.349642562347633246e-02 2.295661004119806115e-02 8.317297520221839102e-03 3.290175506693272800e-02 2.533232507060464989e-02 2.930930572080855945e-02 4.799827807510517741e-02 4.020008267483010655e-02 4.573002633622974544e-02 4.915241742084699994e-02 6.450959230814456991e-02 6.642192201472246760e-02 6.608484073464533648e-02 7.302952980762800195e-02 6.782759450681291602e-02 7.017057366103057747e-02 7.364138324694100013e-02 6.998131854842634669e-02 7.164587271906966426e-02 8.066436594183512554e-02
3.792132064895556431e-02 3.653793230153391802e-02 2.685605180214850618e-02 3.497852172765425482e-02 3.753463153950212239e-02 4.308806447202170875e-02 2.674945295428357572e-02 2.880038438582269156e-02 3.756579839205206883e-02 3.044296899227613706e-02 1.325403924549914403e-02 2.305896124359405053e-02 8.164328421998101604e-03 3.258495686464371599e-02 2.503179155398327360e-02 2.875510068094869198e-02 4.768336834086053799e-02 4.012899524064462986e-02 4.506940687067989559e-02 5.002936094020671298e-02 6.517809958835447948e-02 6.597549218532988702e-02 6.649616956654930133e-02 7.168134024214989353e-02 6.738338738365953762e-02 6.950411231329375883e-02 7.263048157006780914e-02 7.082362796941661653e-02 7.197167740682657022e-02 7.996511349168609895e-02
3.790839862084083300e-02 3.582293343780854067e-02 2.645165493319570627e-02 3.428830141461840231e-02 3.734367493894893975e-02 4.320288977072696268e-02 2.711986742699765141e-02 2.870274207712811276e-02 3.769161767062606527e-02 3.031261665266460348e-02 1.350377976569583360e-02 2.291885392062820159e-02 8.516829537425441021e-03 3.316636020459617917e-02 2.573931137049437212e-02 2.931463289262076222e-02 4.814257371889071879e-02 4.081083130374035806e-02 4.573881866768189641e-02 4.996476757016632408e-02 6.581602980660242186e-02 6.647035597354465641e-02 6.699256129832421858e-02 7.226389043026792969e-02 6.786529803138235950e-02 7.118219482562254674e-02 7.297133488259725798e-02 7.116562363551570680e-02 7.243454718646478996e-02 8.112222269190441648e-02
3.788026981041958674e-02 3.643405812286015788e-02 2.675196330312532011e-02 3.408247287897830935e-02 3.764286774747871434e-02 4.356206436775926505e-02 2.762955188846771826e-02 2.863531745843900245e-02 3.803803079397441445e-02 3.059050579369912426e-02 1.338202399959093070e-02 2.294922391697876152e-02 8.392824627432821094e-03 3.293573603299933261e-02 2.565551516651495834e-02 2.902526455564397034e-02 4.786696162037451519e-02 4.022130835338783017e-02 4.502663447350505055e-02 5.003592969036235738e-02 6.482224698229743787e-02 6.631523911546773065e-02 6.636837824067627623e-02 7.211319153593062636e-02 6.715267172679711960e-02 7.045198962252252617e-02 7.316898743606230215e-02 7.053984896068427046e-02 7.174861490491457605e-02 8.004524961637785041e-02
3.885939941720775725e-02 3.673498486197214474e-02 2.775191870067925115e-02 3.485651041830029051e-02 3.858570528076238348e-02 4.359275932468774373e-02 2.756834581396339079e-02 2.911016706373067975e-02 3.831633572487472272e-02 3.067384386839389077e-02 1.381193010719125591e-02 2.294082915449760507e-02 8.815416770448170070e-03 3.361456541275759102e-02 2.633673388778182134e-02 2.979953810753635524e-02 4.824823497876698508e-02 4.126775641546528983e-02 4.577353634696869344e-02 5.122924291849981215e-02 6.530030205239036045e-02 6.683500359435508298e-02 6.774412527414380714e-02 7.342218307520689824e-02 6.807968169043177031e-02 7.037259341518020683e-02 7.356080391988942258e-02 7.214554062715258786e-02 7.268479237324786124e-02 8.134412358005982391e-02
3.846183325762086991e-02 3.610251911306167072e-02 2.746135522549647545e-02 3.427038269767355982e-02 3.770169727921458824e-02 4.307402154378427162e-02 2.741572826532398532e-02 2.871237442802182516e-02 3.816321128239882898e-02 3.045684911108340054e-02 1.352753719382643327e-02 2.270467249733493231e-02 8.355753031693724520e-03 3.302163996650757383e-02 2.550736433037578688e-02 2.921412446146912090e-02 4.775321933575739364e-02 4.081884271693250743e-02 4.569876262805869227e-02 4.946095710337815310e-02 6.522636153217990784e-02 6.601309264125057585e-02 6.643066351341020415e-02 7.253021422936262175e-02 6.735010820564543699e-02 7.053151678819631620e-02 7.297576140517615662e-02 7.100614269890896668e-02 7.175862918698462656e-02 8.139305919969497261e-02
3.827200956797992271e-02 3.636798926216364136e-02 2.688906123602599618e-02 3.454013091854710171e-02 3.733634168806176934e-02 4.338559891271050184e-02 2.740952791064049654e-02 2.945879618863075922e-02 3.746161743290191137e-02 3.021204834196503097e-02 1.345840015925103827e-02 2.269988231295902437e-02 8.280659604493978421e-03 3.284401444187418084e-02 2.591518428635633531e-02 2.923094040996457310e-02 4.756514263938271814e-02 3.933600086482166858e-02 4.552096602657082491e-02 4.976982904647778150e-02 6.444014818314156012e-02 6.580389560353147593e-02 6.669466249862263107e-02 7.241637765714854791e-02 6.696314477345878535e-02 7.058446711865601353e-02 7.335684946449952393e-02 7.031158635506344623e-02 7.180157231486117286e-02 8.022477563896937558e-02
3.773237585276513484e-02 3.614450251797955704e-02 2.649412245844626201e-02 3.386025766445324714e-02 3.730490936177595362e-02 4.349026817927742483e-02 2.705468002204164391e-02 2.807973886982664813e-02 3.795775721985542028e-02 3.046091075000023629e-02 1.318942668261804951e-02 2.290976686980145116e-02 8.121021955743351617e-03 3.231600708348414397e-02 2.542628890016901400e-02 2.888893233214626100e-02 4.786634734271530411e-02 3.985760822338967058e-02 4.529560772589244499e-02 4.958546450419577811e-02 6.451610451564898652e-02 6.587291159760606807e-02 6.638456499034443847e-02 7.167214262654481027e-02 6.728710230321768848e-02 6.972378485138680526e-02 7.222421637675191519e-02 7.072983681520118859e-02 7.126795305280869686e-02 8.053870358797902973e-02
3.926118514234847034e-02 3.668218811205763152e-02 2.741019876453160142e-02 3.521513376684759500e-02 3.897418056580922996e-02 4.393009096636879551e-02 2.723604222259970453e-02 2.958590854400053316e-02 3.856011906972026115e-02 3.090812196790326816e-02 1.446045240735147064e-02 2.370892505578731102e-02 9.156122394232552031e-03 3.386730308015122037e-02 2.708900707124881069e-02 3.059303490001236137e-02 4.828063398418608321e-02 4.156731096397894842e-02 4.691663654518943294e-02 5.145007773552967567e-02 6.642085043972233149e-02 6.644675598884711154e-02 6.790613909649782787e-02 7.328173470194603023e-02 6.784760310602534761e-02 7.190022760048665751e-02 7.434718414608063042e-02 7.208848210633533871e-02 7.268609724578385667e-02 8.083659154200240060e-02
3.739633177567065758e-02 3.560774111611103576e-02 2.636115306265962577e-02 3.409188034910763665e-02 3.700511804939476956e-02 4.307446644075318964e-02 2.705985798909801843e-02 2.847655310718316679e-02 3.799948228827118579e-02 3.037665859682628366e-02 1.325759346477914380e-02 2.273671894977150054e-02 8.068921029773773457e-03 3.243684254769323150e-02 2.537084481220958088e-02 2.863372316662116113e-02 4.817133395341985369e-02 4.000792267834847593e-02 4.477833876894328491e-02 5.001897764011330183e-02 6.503520272428403581e-02 6.536998483653740089e-02 6.701659789287470192e-02 7.178629309038786488e-02 6.689860289091947854e-02 6.989421293317810147e-02 7.261354602735052566e-02 7.128493808233515860e-02 7.221501961747639475e-02 8.067124121846380724e-02
3.859813133432746235e-02 3.646648121801707165e-02 2.745842796337005787e-02 3.469465298355389749e-02 3.762078020699213821e-02 4.320762659070420675e-02 2.728436397803221669e-02 2.890941576794411882e-02 3.759783024194561507e-02 3.024629997126956904e-02 1.369352356376715707e-02 2.283243785641600465e-02 8.430456699152849565e-03 3.303498467089935331e-02 2.602260192772992697e-02 2.947745778451549281e-02 4.820870621084200058e-02 4.017721743504021337e-02 4.586729843432733877e-02 4.999837967363654490e-02 6.568235974467545590e-02 6.651584049533498799e-02 6.735104360750111818e-02 7.265023868715640709e-02 6.773635938267180689e-02 7.076135437009549445e-02 7.387378089953743066e-02 7.136965892462536487e-02 7.203689150366399119e-02 8.124928271688372505e-02
3.795364913492468850e-02 3.625504993624767414e-02 2.694203088425353720e-02 3.409165719283277496e-02 3.732226143737354951e-02 4.359512852657848603e-02 2.677018825052226991e-02 2.862167413013341766e-02 3.767734562944770327e-02 3.052436219665746742e-02 1.339668902524054905e-02 2.295245934310033431e-02 8.392248663728341107e-03 3.260211024395140433e-02 2.600333523876741104e-02 2.907999343614281473e-02 4.762987907165017187e-02 4.035855886816158700e-02 4.570419637294233228e-02 4.936735555346027926e-02 6.481854401874927174e-02 6.583486438619644276e-02 6.666102466171698604e-02 7.203406483692224860e-02 6.711234545833770493e-02 7.121603862560510478e-02 7.332337177436641651e-02 7.086143827055982336e-02 7.176902342907377774e-02 8.047738068324337968e-02
3.734872904605487931e-02 3.584250352088851066e-02 2.653742959608781926e-02 3.426394039636615485e-02 3.688969767168004399e-02 4.337823714009136911e-02 2.705153551741129592e-02 2.811303563460840205e-02 3.800501948724833989e-02 3.071160947561710208e-02 1.322276259956786659e-02 2.300438755032821470e-02 7.927038690369120344e-03 3.235313199938991136e-02 2.537269187191115716e-02 2.895822104915291018e-02 4.830345276964433110e-02 3.957709358975092240e-02 4.533382548918202248e-02 4.940429304559976198e-02 6.457460020448518856e-02 6.603001465479609033e-02 6.610915573213184404e-02 7.148047584926608966e-02 6.708010379790406430e-02 6.993950106923950416e-02 7.295437395972419192e-02 6.991525888116330301e-02 7.119062521439052660e-02 7.991481378593198737e-02
3.884862548644077429e-02 3.591576202207796831e-02 2.774854403625351407e-02 3.396755809722772079e-02 3.756137439313442239e-02 4.261938862464081934e-02 2.689541145727653015e-02 2.849108886937840035e-02 3.830621962394487046e-02 2.997511171758820980e-02 1.362085961957290592e-02 2.266647666977719688e-02 8.282610654970046227e-03 3.261571023228651556e-02 2.544414526652272190e-02 2.919098609705580993e-02 4.759013056213187709e-02 3.972277663428490369e-02 4.571541207185195188e-02 4.976550527482259678e-02 6.427221686504544507e-02 6.646394452319437374e-02 6.677754994932688648e-02 7.257935953685014374e-02 6.812901985701141916e-02 7.038772944070796622e-02 7.323985020532636225e-02 7.134907712397567381e-02 7.139574161715027401e-02 8.073873530007819044e-02
3.789468387872671484e-02 3.619768439323567399e-02 2.645311039098116601e-02 3.382263317965408800e-02 3.703401574367916338e-02 4.204755191696875338e-02 2.632862811743938436e-02 2.850679089777927167e-02 3.815564061457209222e-02 2.984754232713759947e-02 1.321803276621308365e-02 2.272100878651958644e-02 8.217625622029545163e-03 3.321633721589360710e-02 2.528234145758401219e-02 2.910151537302138602e-02 4.741299420453974622e-02 4.006155938400914052e-02 4.556656269065142983e-02 4.995059338993661224e-02 6.404283873658045412e-02 6.634432953792411547e-02 6.679928794230054201e-02 7.239706776207617545e-02 6.780899639292761738e-02 7.014393520722936315e-02 7.337124858974380937e-02 7.061282664430748590e-02 7.167937619519927639e-02 8.024684084076108559e-02
3.806699220050964450e-02 3.645892124933250433e-02 2.655315403098124083e-02 3.473426285087961862e-02 3.778740818251771771e-02 4.306972361998069598e-02 2.644061297033847846e-02 2.920532487721019810e-02 3.813965396297336330e-02 3.065457724849399157e-02 1.376251121896851504e-02 2.300625767962272139e-02 8.831701846968409431e-03 3.345378718765067150e-02 2.630951120594798853e-02 2.954210512435592739e-02 4.770908441344087758e-02 4.062023387285004783e-02 4.606054101933497458e-02 5.022751224547580828e-02 6.511208632977286137e-02 6.661747773682497042e-02 6.724718476561394875e-02 7.256902887795367574e-02 6.840911730032074589e-02 7.111257728026214309e-02 7.380825543505797892e-02 7.136845304060487893e-02 7.188071890480231263e-02 8.097307814338967902e-02
3.807800388501622613e-02 3.615635790608406896e-02 2.674371551756565824e-02 3.411563111886004029e-02 3.714982505947758695e-02 4.372345196253768496e-02 2.668429895590015977e-02 2.883196031344578691e-02 3.807351259025339163e-02 3.064898490759637717e-02 1.319642034634857519e-02 2.312731390941566434e-02 8.281538997732457164e-03 3.262823296303177245e-02 2.522162725165530417e-02 2.893352033942411805e-02 4.747731346008075837e-02 3.995202521636850856e-02 4.536184084411989947e-02 4.964646935133859573e-02 6.468637771726408470e-02 6.647884126560021922e-02 6.665405846311554805e-02 7.270600671358327938e-02 6.780462278147864064e-02 7.069280723095854035e-02 7.317404966628855700e-02 7.091539062436867658e-02 7.137449425349655374e-02 8.071318722025219716e-02
3.795709152210377524e-02 3.622112822910161789e-02 2.651270040654657434e-02 3.400730178322386443e-02 3.738902795438570070e-02 4.305710627291034487e-02 2.753525743634319123e-02 2.866480901120421754e-02 3.784496449209193147e-02 3.042859394714220178e-02 1.347596581115548253e-02 2.300819493800540516e-02 8.425837455823093070e-03 3.324017676742788141e-02 2.602359789142652535e-02 2.892515414744020741e-02 4.805160587772694392e-02 4.068549701731366541e-02 4.538761510787438225e-02 5.083341785674337643e-02 6.508232356153774434e-02 6.624587634078020482e-02 6.723453270606423449e-02 7.214149828955855603e-02 6.775774477801620177e-02 7.109683489975408832e-02 7.336988929193331843e-02 7.127794484273523856e-02 7.251528512215946187e-02 8.110163611204392053e-02
3.750024982203047086e-02 3.611359684231857381e-02 2.646887738266640033e-02 3.461354511711856041e-02 3.730754150316865914e-02 4.305342223579139427e-02 2.714189309171352593e-02 2.860179695592765525e-02 3.775625778411403899e-02 3.032658255342893239e-02 1.305643486207364035e-02 2.292636252290516929e-02 8.057265737431873465e-03 3.290093343372862966e-02 2.495764518432966317e-02 2.882881182192154057e-02 4.821632437434578144e-02 4.101762873380249141e-02 4.530581935966745966e-02 5.000228148396054784e-02 6.477402504025510377e-02 6.557696105074074799e-02 6.744002510896621172e-02 7.190928743787100563e-02 6.704123794479814602e-02 6.990225774095482070e-02 7.296997417232377325e-02 7.086365768888518157e-02 7.179894696461183723e-02 8.053694915939517418e-02
3.795100455925906613e-02 3.576119625860672835e-02 2.634363230327443905e-02 3.415872407016237733e-02 3.721955679043115195e-02 4.355178177497238956e-02 2.710912409737806228e-02 2.839346712381177196e-02 3.782172280037068846e-02 3.098902562977143282e-02 1.338500196048228452e-02 2.339286303738133399e-02 8.408952970916039327e-03 3.282261555648673113e-02 2.576315028932074647e-02 2.911739896183956899e-02 4.782196211669231811e-02 4.057692469099745403e-02 4.570626070445960032e-02 4.986946736281255843e-02 6.585860023214379355e-02 6.613379382670353523e-02 6.726838106585437960e-02 7.142524357572826998e-02 6.770087062803654965e-02 7.045455183566010082e-02 7.332302742228408166e-02 7.153207851758798530e-02 7.216687382709664755e-02 8.097583421449684737e-02
3.753769899078593375e-02 3.609237421055541684e-02 2.673259275404438196e-02 3.396553469874249997e-02 3.732479880527847516e-02 4.322715678912510129e-02 2.651832646494950430e-02 2.818988598218880037e-02 3.785532066300680010e-02 3.025942323756689034e-02 1.321214241264523359e-02 2.279657704052714950e-02 8.092112807529527885e-03 3.239234789407853532e-02 2.516912053626854662e-02 2.879279643537396849e-02 4.782673555946378996e-02 3.993533632671764089e-02 4.533748832817187380e-02 4.894929382748700042e-02 6.488278305167201332e-02 6.606878288591272463e-02 6.644273530358467406e-02 7.223576709745657687e-02 6.733712395102636750e-02 7.041384156848781717e-02 7.292903906763641142e-02 7.065941455517395220e-02 7.186062043069488259e-02 7.997902563613064342e-02
3.879670034012988600e-02 3.637235467123960120e-02 2.687478709808568955e-02 3.489482952001560223e-02 3.784050241689768113e-02 4.329029336794462668e-02 2.743964385845101828e-02 2.942797838577712599e-02 3.826547375715605437e-02 3.036833286571627433e-02 1.358328997526864201e-02 2.302427779824917087e-02 8.385917625494121452e-03 3.309552231315965320e-02 2.549827967741633006e-02 2.958603727061251409e-02 4.805603858353911517e-02 4.056644286649846443e-02 4.551835155382309706e-02 5.029107736698604225e-02 6.527183633228447746e-02 6.684463214955334298e-02 6.730206964414986448e-02 7.286589215283861831e-02 6.815300733241533293e-02 7.116151838700753018e-02 7.330876388043548741e-02 7.119195662034938366e-02 7.182886044139638604e-02 8.104020090718945524e-02
3.775113888374742599e-02 3.598314505928917884e-02 2.662982781749034800e-02 3.432209478296707750e-02 3.739414472219133867e-02 4.341586260091201410e-02 2.686668336847417016e-02 2.852226485961772973e-02 3.782372572919417975e-02 3.080581018895456324e-02 1.340531727355842584e-02 2.325393389862770444e-02 8.316504816934716660e-03 3.275453734854452681e-02 2.525653814734676872e-02 2.908359461274778734e-02 4.711979542998007142e-02 4.037010695444545605e-02 4.516457390649181169e-02 5.012689142115082930e-02 6.454780238317117669e-02 6.638385707744706710e-02 6.685661516876187371e-02 7.170057431502767364e-02 6.775686330477401209e-02 7.021241880863751672e-02 7.227984875879175930e-02 7.074292445712299093e-02 7.225239336437272453e-02 8.032883627679648919e-02
3.768051590367313408e-02 3.671524584347027331e-02 2.670633700581895309e-02 3.420746305751974636e-02 3.712886714613508610e-02 4.353509998098929745e-02 2.733705012227891085e-02 2.832594837211460659e-02 3.804095974640590849e-02 3.055840521218067263e-02 1.315181423047481757e-02 2.279676465685989695e-02 8.326460733859841756e-03 3.268095774582527313e-02 2.575136610695649697e-02 2.899053427127926130e-02 4.812956652944859470e-02 4.082827004692227146e-02 4.558170037172937228e-02 4.965518546380859322e-02 6.524582049328549183e-02 6.592113041418495856e-02 6.639363719386257023e-02 7.228169729238015373e-02 6.717343313114279568e-02 7.074415506274263354e-02 7.337028145344458296e-02 7.070506230895100275e-02 7.273747315736646402e-02 8.053695654690017081e-02
3.840623392932013269e-02 3.641277607839649155e-02 2.744587208942039780e-02 3.423469014884038264e-02 3.732218396548347972e-02 4.319333114186690858e-02 2.716533577453439374e-02 2.888326938915450337e-02 3.806251461954970883e-02 3.071450891895122215e-02 1.348999202955328269e-02 2.292826434996092511e-02 8.602731253056800087e-03 3.322612897686617883e-02 2.617324760318193166e-02 2.915126287623942547e-02 4.799551580689234709e-02 4.081216008593946398e-02 4.593664523153945245e-02 5.010922966659536737e-02 6.509223218639161035e-02 6.592428860145244096e-02 6.712573278621655759e-02 7.227460330228564767e-02 6.730781098908569793e-02 6.986754344254231253e-02 7.400576226811357572e-02 7.188048421307574598e-02 7.162357358879122005e-02 8.054446942633913809e-02
3.873870419866436154e-02 3.610976340443317056e-02 2.699965877723031760e-02 3.483533974957228607e-02 3.802672905149458160e-02 4.418291712563815476e-02 2.731342674278641747e-02 2.926877605019082007e-02 3.874535198834605509e-02 3.125056348422038111e-02 1.385566403186114237e-02 2.360628383562077270e-02 8.685245652417211693e-03 3.382538383812311311e-02 2.661193302004452588e-02 2.920800264534792468e-02 4.841821781550219306e-02 4.043383219805025963e-02 4.560143335480310034e-02 5.002791662152678009e-02 6.515740788279576756e-02 6.718636507105474331e-02 6.745483487499857878e-02 7.280001935075321173e-02 6.850237327641374441e-02 7.143286944238939895e-02 7.356351204264589827e-02 7.193104641688900791e-02 7.196561576059859466e-02 8.142245124298616576e-02
3.869763018485661288e-02 3.617432587518644438e-02 2.701124217917375003e-02 3.437667329115891290e-02 3.765535210805683042e-02 4.382431845844006468e-02 2.720751769100568374e-02 2.855947043677142805e-02 3.812436552982140237e-02 3.042745305426666769e-02 1.350018410335157570e-02 2.308077654785228860e-02 8.507091400477645449e-03 3.294180817990437216e-02 2.545383658592939580e-02 2.894571617478255976e-02 4.765612395644068522e-02 4.027194312398583997e-02 4.539748729806944438e-02 4.971519845209734778e-02 6.566276901638762320e-02 6.594379425747852463e-02 6.708881944123892827e-02 7.249348696404978032e-02 6.719015609439900338e-02 7.007726018429261128e-02 7.390502497505921364e-02 7.110427914707351249e-02 7.197998897822703579e-02 8.081345519364518948e-02
3.800696372155751290e-02 3.660306469779661676e-02 2.686511595321786072e-02 3.465711034835433635e-02 3.720291187692358059e-02 4.318631821458647491e-02 2.740943590327121759e-02 2.846064899066200193e-02 3.768079289489920103e-02 3.007585121873007639e-02 1.302142131548186810e-02 2.241175641609358116e-02 7.913814952898612365e-03 3.211273168110449772e-02 2.493997135624434480e-02 2.814273783013140906e-02 4.739803272463037620e-02 3.947236024258503340e-02 4.491328113973194758e-02 5.000155391684563133e-02 6.496921687953183255e-02 6.579669511987129571e-02 6.741395455624971111e-02 7.114910611281617669e-02 6.736898321125543709e-02 7.022503519873214695e-02 7.269252247982345427e-02 7.106910536839117221e-02 7.176535457783132788e-02 8.024860623858652564e-02
3.816566163598102135e-02 3.560626780309274209e-02 2.663469602864992902e-02 3.449435802971853593e-02 3.729302281401258856e-02 4.292672344187428712e-02 2.658245832449743218e-02 2.861271372389587175e-02 3.792736892067367915e-02 3.022679868953342952e-02 1.334895656169232669e-02 2.285154876475700703e-02 8.174358296066219776e-03 3.271915194667852911e-02 2.584928960624327532e-02 2.934051168741019788e-02 4.793613043127206708e-02 4.020938057880554806e-02 4.597265939841593818e-02 5.040936610410196028e-02 6.567571380724047947e-02 6.628995157814988881e-02 6.705955729291809830e-02 7.222137269520874370e-02 6.793037868909292121e-02 7.095371915192517920e-02 7.381998250100216263e-02 7.074333883768883779e-02 7.292334652055536270e-02 8.070325166540751050e-02
3.782811807319864938e-02 3.558191686159725697e-02 2.682068779307397732e-02 3.437472138698142998e-02 3.763793668983392293e-02 4.240626110532490223e-02 2.660914455813240265e-02 2.822503400623840863e-02 3.708460436213546763e-02 3.007327004910939627e-02 1.345790326779791601e-02 2.252959508891033691e-02 8.173500876943629034e-03 3.270783209383852641e-02 2.541579322454948220e-02 2.898705527638364976e-02 4.788573782394890677e-02 4.037171763790939338e-02 4.529046509931308750e-02 4.944635077952282132e-02 6.486478029130890444e-02 6.603850026014949914e-02 6.702985443422340706e-02 7.331480011961122312e-02 6.749091531978627934e-02 7.017305961894812483e-02 7.310972480719461764e-02 7.129630567490399806e-02 7.180420580336781267e-02 8.047064046116959857e-02
3.858227475661826777e-02 3.674911410824754920e-02 2.764613794665538027e-02 3.432286655589661395e-02 3.776762136611312715e-02 4.354504643342685388e-02 2.664992788315787009e-02 2.849656720608456650e-02 3.840657797380764293e-02 3.099051837007138488e-02 1.354211770184990393e-02 2.329815095460721630e-02 8.421054298641761360e-03 3.263651063192972435e-02 2.515882261874408110e-02 2.939173954103233011e-02 4.754154683247062418e-02 4.070469310369628779e-02 4.550259717997273690e-02 4.965762614304775058e-02 6.477124928462184295e-02 6.675603141586976264e-02 6.693609382049130196e-02 7.271938122275412031e-02 6.804037629321556258e-02 7.016449631371966811e-02 7.334848204340138622e-02 7.120168337232732347e-02 7.189707487131567765e-02 7.989836579329429034e-02
3.841329323263101281e-02 3.604271452321658464e-02 2.656021841452826937e-02 3.431605923996279561e-02 3.780619984226579744e-02 4.347235021187659254e-02 2.745457465329687041e-02 2.879989893926696021e-02 3.814969764600523172e-02 3.107841675867553666e-02 1.371383924787136777e-02 2.352127264411504881e-02 8.759502399195595590e-03 3.358806803771423322e-02 2.651276568050459082e-02 2.983927239140354848e-02 4.843815305441231955e-02 4.068896992770328069e-02 4.621829432263754867e-02 5.052756512413515699e-02 6.565099366797066960e-02 6.658458366780642401e-02 6.714667722069712907e-02 7.194904285627209961e-02 6.748385599397926926e-02 7.191946283257498462e-02 7.398821214363286713e-02 7.130825857569250692e-02 7.215160017707876461e-02 8.133607776208162665e-02
3.828305416195036670e-02 3.626694889612669392e-02 2.727971216488811468e-02 3.425650147810804791e-02 3.762631894240499320e-02 4.337187623836225026e-02 2.699823882928009677e-02 2.879086639592448593e-02 3.802455138464777562e-02 3.054906827890499499e-02 1.319494020408173984e-02 2.303163963639193179e-02 8.138529042039072126e-03 3.277954099393093346e-02 2.534027130298027730e-02 2.929683530688262372e-02 4.692748245852869371e-02 3.984445293427130164e-02 4.580364048885231243e-02 5.018215790021753053e-02 6.427156306887663040e-02 6.636341782270298306e-02 6.688761527134022555e-02 7.224480582106697357e-02 6.774039957108303478e-02 7.008966002185242072e-02 7.336772586088084747e-02 7.102824479728500617e-02 7.169564172681727743e-02 7.959293818168566848e-02
3.818878886272669693e-02 3.570384230062945141e-02 2.701948527606071182e-02 3.448272114571038216e-02 3.697276289821380124e-02 4.312568240892539206e-02 2.630379799804352658e-02 2.849858119359396924e-02 3.782920458823879617e-02 3.051139650497278200e-02 1.295982404598602922e-02 2.301226282013973945e-02 8.248364532371460500e-03 3.290926511322374293e-02 2.535209579677108471e-02 2.865609398096510829e-02 4.805542845608859470e-02 4.012605267602140091e-02 4.480039340827964012e-02 4.915555097111065641e-02 6.509220410880448004e-02 6.598553846945964807e-02 6.705445413126931431e-02 7.138322452728343426e-02 6.742867021585555176e-02 6.986581525865906417e-02 7.318867244349840095e-02 7.093383774995502822e-02 7.186883287015047306e-02 7.987756720938345156e-02
3.829366086850791162e-02 3.590264599958799263e-02 2.651429632356724908e-02 3.390206913654303378e-02 3.709270577446055484e-02 4.306287094311098129e-02 2.704028448436038290e-02 2.856320902488518332e-02 3.792454664111188922e-02 3.030099088269808116e-02 1.316810706399548780e-02 2.277049790867186063e-02 8.288444792056343102e-03 3.232976496727145432e-02 2.532904492441134803e-02 2.880383575156361675e-02 4.764423826608202295e-02 4.010333584548561592e-02 4.514125878576666362e-02 4.943579088569816093e-02 6.501570249388513578e-02 6.608882065451361643e-02 6.658919849807334868e-02 7.227760336647159889e-02 6.745781803703103374e-02 7.003320147750918823e-02 7.318978539547855988e-02 7.094540264437432242e-02 7.192913957923129098e-02 8.067892503539304816e-02
3.827532372116938808e-02 3.660132345989478009e-02 2.671113981846573449e-02 3.467610798829326435e-02 3.753541058831377786e-02 4.295820207557843329e-02 2.670419864917539243e-02 2.938615413031042678e-02 3.820501687116237277e-02 3.057831763767407396e-02 1.364052336779394969e-02 2.313128044574072617e-02 8.843206380311635639e-03 3.344236543243231385e-02 2.609204414246302228e-02 3.002354043439192655e-02 4.869920094773604047e-02 4.078751138882220906e-02 4.635270146426287430e-02 5.093510188043931519e-02 6.588791054363526967e-02 6.686413231219481834e-02 6.755863569573751504e-02 7.288070336843621710e-02 6.837511144115382411e-02 6.998791898576377235e-02 7.388393457988126634e-02 7.190612307655969149e-02 7.243560842387387899e-02 8.115906910709608235e-02
3.798886354265462728e-02 3.512724606865813559e-02 2.644034213617271756e-02 3.417104619322081094e-02 3.865240683029150248e-02 4.248360986296262354e-02 2.586619200391762630e-02 2.850722871461683350e-02 3.746829919202622483e-02 2.980961650620292391e-02 1.328538319866007233e-02 2.242307355442360595e-02 8.075782293821526236e-03 3.283356677050905392e-02 2.605599273689840345e-02 2.927715160905483560e-02 4.780616909575063911e-02 4.063738902354448179e-02 4.539286118328805797e-02 5.014184830238117840e-02 6.494508931429671117e-02 6.535699504480856070e-02 6.696452138989179848e-02 7.278427244675400587e-02 6.713496797368055657e-02 6.973182958760397454e-02 7.332697168906779361e-02 7.113020821581859943e-02 7.243158823074787034e-02 8.099446634068671602e-02
3.790465991864983009e-02 3.596400619201146898e-02 2.633910904096545269e-02 3.401403443863829090e-02 3.782877352646568658e-02 4.306484096955923158e-02 2.686080434692153518e-02 2.840435676493072159e-02 3.811134893378895216e-02 3.031426466310430112e-02 1.319968430360304867e-02 2.265940908675365129e-02 7.940465122938972220e-03 3.209169443553103185e-02 2.538581740003770237e-02 2.873287694235571177e-02 4.804232727697221872e-02 3.994193700175953377e-02 4.528309136721828110e-02 4.960874326895062247e-02 6.484920906106342309e-02 6.538371747336378659e-02 6.704216250838973545e-02 7.199779066491203416e-02 6.657010248571734734e-02 7.002889189345724852e-02 7.277621794121832965e-02 7.120820068042565953e-02 7.106852591846196665e-02 8.024531140833525422e-02
3.816029179506312541e-02 3.601895766205778782e-02 2.651188905363113801e-02 3.431084611023074715e-02 3.743748155918361076e-02 4.304052050123041706e-02 2.643245310126576819e-02 2.840494332375789743e-02 3.767082915098532436e-02 3.050431700567785009e-02 1.337736590685692506e-02 2.286351417062090774e-02 8.140028415252437144e-03 3.294704328535968951e-02 2.524499176224759278e-02 2.857062859218556516e-02 4.766725961746132167e-02 4.007308767251396842e-02 4.496675023291224482e-02 4.968343596399769913e-02 6.518755029597664286e-02 6.556093165421908453e-02 6.689949556787518070e-02 7.115239956286163736e-02 6.708903024767896850e-02 7.064096325351867933e-02 7.292761736663327943e-02 7.076869698144315490e-02 7.134032141840354613e-02 8.075886193207151842e-02
3.788909632874382094e-02 3.579634124911021398e-02 2.651568136419477084e-02 3.437357816168046254e-02 3.734667027550067631e-02 4.391849484229617961e-02 2.650104275100423346e-02 2.867198177061869302e-02 3.819070411396646714e-02 3.092176769939547487e-02 1.341664291498820272e-02 2.323987404051905403e-02 8.414246347767467826e-03 3.288662293717466156e-02 2.595678600282322335e-02 2.918380131479667017e-02 4.821223855682199577e-02 4.007181895860587040e-02 4.537916905156624825e-02 4.994495221356215486e-02 6.484506628755548618e-02 6.705582298141123110e-02 6.744553059818816920e-02 7.205226385985043225e-02 6.858016868332249272e-02 7.020555587761308225e-02 7.395886873799284444e-02 7.109560851329935205e-02 7.130393363167082665e-02 8.100509950086476341e-02
3.800953055464065256e-02 3.678267988275699119e-02 2.658325710460210378e-02 3.448689230661185212e-02 3.699599958388243015e-02 4.315950685042252433e-02 2.715332475354853559e-02 2.860993248447299409e-02 3.798637815013991559e-02 3.066812434123009079e-02 1.328448489756084427e-02 2.307535870966470615e-02 8.296524228530915979e-03 3.312490465176755328e-02 2.542082244329235685e-02 2.886520133459077875e-02 4.823333457127859658e-02 4.080826469583684335e-02 4.538008325726231029e-02 4.883341987864070477e-02 6.493457330980462183e-02 6.741896612720083004e-02 6.622369142521798702e-02 7.171004803696222341e-02 6.892424214011809436e-02 7.061830264404955759e-02 7.331466735333679041e-02 7.056426178482250178e-02 7.123114279746306510e-02 8.085762846113064839e-02
3.673831052750221871e-02 3.595524713825146157e-02 2.582599407630750687e-02 3.415024325537055483e-02 3.691723873367644404e-02 4.333415632352947966e-02 2.668466314280909524e-02 2.865059933438676709e-02 3.762643644559476863e-02 3.027909864456532207e-02 1.337257435084748813e-02 2.261990123617246828e-02 8.367621676760944593e-03 3.291081569427237175e-02 2.544845045421098573e-02 2.893300578846347282e-02 4.836710435245086814e-02 4.013059115615856542e-02 4.563358671557246615e-02 4.971569796334393554e-02 6.543016431475548456e-02 6.583839226606924555e-02 6.656329097915851534e-02 7.251690137697389127e-02 6.694156848413068683e-02 7.066421070205114452e-02 7.341867698519571883e-02 7.099109180434738653e-02 7.253867999148169710e-02 8.041442846829213731e-02
3.791142568682252800e-02 3.622591169243627451e-02 2.630297890686619788e-02 3.470722643282381226e-02 3.709244427106640762e-02 4.360903916681298231e-02 2.647479773516211998e-02 2.850920314699181835e-02 3.773942519337167290e-02 3.061006954011522008e-02 1.331721524247006516e-02 2.293652810273436038e-02 8.193510371450885010e-03 3.245305292760525262e-02 2.510960112397339627e-02 2.869700497921051641e-02 4.761160701601166445e-02 4.021874948086945345e-02 4.504284995374668865e-02 4.966037268609499455e-02 6.442298342969460245e-02 6.650458041723499025e-02 6.581021949918725022e-02 7.222351448354573378e-02 6.803302272261085859e-02 6.985347085749560314e-02 7.308575835094796580e-02 7.000257794008882262e-02 7.175638247893355304e-02 7.983571212269680029e-02
3.822926623563457915e-02 3.620634210300013867e-02 2.725636124506303215e-02 3.469380414387096545e-02 3.759593977269121146e-02 4.292347430523801854e-02 2.684004425596547838e-02 2.875540192545961160e-02 3.770910812335458162e-02 2.999407684014368525e-02 1.334867259726685296e-02 2.277195972491644071e-02 8.563354325440447612e-03 3.300022855855627713e-02 2.628570796967111267e-02 2.931593165386284228e-02 4.849016228492539216e-02 4.061380665130323586e-02 4.593227414170493461e-02 5.011276872856799958e-02 6.527192999553325936e-02 6.596620371792172310e-02 6.733770535185254480e-02 7.253303924597549746e-02 6.728574480213410369e-02 7.079484850576864274e-02 7.418245751670944632e-02 7.158499829054344732e-02 7.266947825639742675e-02 8.121902332167334204e-02
3.817872445116987645e-02 3.671268433383506613e-02 2.690917160594227808e-02 3.449127137682692079e-02 3.720066058244106411e-02 4.418942333487252405e-02 2.688031694848605491e-02 2.867765840240740771e-02 3.831989394614446209e-02 3.089696478615636122e-02 1.348735950300883335e-02 2.315774189447949993e-02 8.611193215501106168e-03 3.256459268688149944e-02 2.560681745216397687e-02 2.946919845603340748e-02 4.831017860172509559e-02 4.047407182059908903e-02 4.587440888854942000e-02 5.006939396474247017e-02 6.504093070717041625e-02 6.690732550229464004e-02 6.740780524314166078e-02 7.224198289459718425e-02 6.836096575242013584e-02 6.964539534962407852e-02 7.392471882680920481e-02 7.130918562807006533e-02 7.190011415324955302e-02 8.175997758148260963e-02
3.842468610455188061e-02 3.666373418671872719e-02 2.730635529215333368e-02 3.445136997609132834e-02 3.797364609876124897e-02 4.371999295125750251e-02 2.769866946902724281e-02 2.847670321115780556e-02 3.846050887097379745e-02 3.115376947911677186e-02 1.355111924119786759e-02 2.351806237292672352e-02 8.509575630569782279e-03 3.299708911925042232e-02 2.586913287975237119e-02 2.910029524918153476e-02 4.822628608498917557e-02 4.074831789172758678e-02 4.565500095260228985e-02 5.033586742386778057e-02 6.576181811834649893e-02 6.599826540602604652e-02 6.759680782192099835e-02 7.214630942651278911e-02 6.740380358821619622e-02 7.101374440320601389e-02 7.301891369438423540e-02 7.145443309717897096e-02 7.203288683394591663e-02 8.096646029297914493e-02
3.897971690825334512e-02 3.640226476918156928e-02 2.760744552401542262e-02 3.396083302219110589e-02 3.778097091722346090e-02 4.308467981060318253e-02 2.771177309535208244e-02 2.854959649642149766e-02 3.813740269129090033e-02 3.027098856607418620e-02 1.367055152523566353e-02 2.280945159641237230e-02 8.354706331989092405e-03 3.283158022419470357e-02 2.519751729711186550e-02 2.920751838193702543e-02 4.789717832914389128e-02 4.000619234478516861e-02 4.527967256067635948e-02 4.942954138044391987e-02 6.527187292517525052e-02 6.595770302005314611e-02 6.626861670116288017e-02 7.203374790810865291e-02 6.777812089871582124e-02 7.012096903517356372e-02 7.312541371996701678e-02 7.032513902407283579e-02 7.133886088827422201e-02 8.028526395295712548e-02
3.842788572237806899e-02 3.588003545345194722e-02 2.658985638992678036e-02 3.388799957094028314e-02 3.725673846111371423e-02 4.337775022914169831e-02 2.656754520303780676e-02 2.816551517152257600e-02 3.796393938437109261e-02 3.027380660841616500e-02 1.335058553886342425e-02 2.282808398662847238e-02 8.503585903081284370e-03 3.312632817618364756e-02 2.586942318448229305e-02 2.871799457045751125e-02 4.806505798688165410e-02 3.991910188355311806e-02 4.534809583673504729e-02 4.993659304992757730e-02 6.539450243332239898e-02 6.662674999720287483e-02 6.729780193160453394e-02 7.187821700217542076e-02 6.814892620535924206e-02 7.045899281540536629e-02 7.281886316138390380e-02 7.093722024154582029e-02 7.152681579121387967e-02 8.092174847470313959e-02
3.833184323496424684e-02 3.652379937295856249e-02 2.664453614829292993e-02 3.443547671754340622e-02 3.759723018791219507e-02 4.339675789787995897e-02 2.720645243649372214e-02 2.877227034965712527e-02 3.840925550760536378e-02 3.062791170442891175e-02 1.347214752565420448e-02 2.323885676878481577e-02 8.353531526381269279e-03 3.318904501630384751e-02 2.547844064601859082e-02 2.914665439410263348e-02 4.798304137911885148e-02 4.065112493289599338e-02 4.538625676053166524e-02 5.000761611601342582e-02 6.489013246537524149e-02 6.628633312430605440e-02 6.725626302144875612e-02 7.246949622569796856e-02 6.740929043069623927e-02 7.039594092395264069e-02 7.342224466942379180e-02 7.130745771576904590e-02 7.244492073250373421e-02 8.062985564591589049e-02
3.788968216227367458e-02 3.584040930647020007e-02 2.686978455654201459e-02 3.430196199069991680e-02 3.758929837331453916e-02 4.327463871271178264e-02 2.656559407276251616e-02 2.837818544028264389e-02 3.759096522175153776e-02 3.034099702744677551e-02 1.338296152079554435e-02 2.292204985651413729e-02 8.367084384697298649e-03 3.246508803826680944e-02 2.631486217849801634e-02 2.907489602012869323e-02 4.804710129159223131e-02 4.105202664113685729e-02 4.553671066556923275e-02 4.982788729311454778e-02 6.530123882510094346e-02 6.605886531248619797e-02 6.727106322751905121e-02 7.214406956056045039e-02 6.765020826066253656e-02 7.112700968630539244e-02 7.382603371694645977e-02 7.144585707904563265e-02 7.201309136761269158e-02 8.051607412325731405e-02
3.795820975750809068e-02 3.648947900463757332e-02 2.675335046623281143e-02 3.411813981401703999e-02 3.732100358076823055e-02 4.332549199365014203e-02 2.685177932515081523e-02 2.873555323065199452e-02 3.797380617149848092e-02 3.031734951329570493e-02 1.337941293001942977e-02 2.284731946610696340e-02 8.431181872048582049e-03 3.288280736635543211e-02 2.575506843082267516e-02 2.893502805918382603e-02 4.788984883457141073e-02 4.042938865282919014e-02 4.553214589085338715e-02 5.020323445703607501e-02 6.578952302888468884e-02 6.602551890667746060e-02 6.704440918234955138e-02 7.199694085526153753e-02 6.726841632789298808e-02 7.012784997426968481e-02 7.302306060123271714e-02 7.138487098101074790e-02 7.229468635005162347e-02 8.097721098320027899e-02
3.851670649441199523e-02 3.643362123584593937e-02 2.762968306372101668e-02 3.403180505814036583e-02 3.777263834782079721e-02 4.324410538806808257e-02 2.740210713970883671e-02 2.818842672059843069e-02 3.793765593800096925e-02 3.027517564269624484e-02 1.349696870590769149e-02 2.284984248288965403e-02 8.130317578530249500e-03 3.263244434396525562e-02 2.541344459242950160e-02 2.929396103686535136e-02 4.774800482900204424e-02 3.921944030153909355e-02 4.602980556966090875e-02 4.960185857345565663e-02 6.486959663276867238e-02 6.660227904458908277e-02 6.643576966923350757e-02 7.204684571113458003e-02 6.768286436285753105e-02 7.080537057639964271e-02 7.345454062073708545e-02 7.041582254427507237e-02 7.184448508170647452e-02 8.036044683212745232e-02
3.847638938203043479e-02 3.652840862235925967e-02 2.764684312761775398e-02 3.488873520328253375e-02 3.770233433064726358e-02 4.305097511367395047e-02 2.749518285080915225e-02 2.932896678275603852e-02 3.745732033197704536e-02 3.021877555061214249e-02 1.375650050578983152e-02 2.297294953798004191e-02 8.820023147682792830e-03 3.370650113110523760e-02 2.664494572707051812e-02 2.956799836936141457e-02 4.819250103791158923e-02 4.112664542074132012e-02 4.614020470727840662e-02 5.064470939265394711e-02 6.505281405974959463e-02 6.566348866147397878e-02 6.745609168393386368e-02 7.280324212469474476e-02 6.711653127178150713e-02 7.209988596429844909e-02 7.377382825691154722e-02 7.196666952804203765e-02 7.292876814017894282e-02 8.026267718943876084e-02
3.813528305522381756e-02 3.720284307527793599e-02 2.678059820142089653e-02 3.452707669725728346e-02 3.740079847237395838e-02 4.374170719405048868e-02 2.668866333632397003e-02 2.853380547069270246e-02 3.839418283798581855e-02 3.105011867573459483e-02 1.333729311393477834e-02 2.347661570096196137e-02 8.346800991764130595e-03 3.280747396879041267e-02 2.506945343086797173e-02 2.905285083342298846e-02 4.782443918962825391e-02 4.039333298536584849e-02 4.549143719979184541e-02 4.994316935267545388e-02 6.543003037225240959e-02 6.663286637459461814e-02 6.662606632041437327e-02 7.235849562256557732e-02 6.806152337513440842e-02 6.916248777898863220e-02 7.353506025078584973e-02 7.112304355315997306e-02 7.174847320931650174e-02 8.049724344294446887e-02
3.814269904086933782e-02 3.631844088086405575e-02 2.644371686425636692e-02 3.449369727919268658e-02 3.758873487762892651e-02 4.313059674169750224e-02 2.667035980968157638e-02 2.850080193594264899e-02 3.751436384072290298e-02 3.018084420651309663e-02 1.315679707304767687e-02 2.287408578000599269e-02 8.094646012617917608e-03 3.243828153845564055e-02 2.529961789612727996e-02 2.883611521185475146e-02 4.825116832127473998e-02 3.977558439694360570e-02 4.511857206049912916e-02 4.998684413772280788e-02 6.470293013108163738e-02 6.561043569931432340e-02 6.693548478400283830e-02 7.188146529590594414e-02 6.731498400468122201e-02 7.004738460237194819e-02 7.284747903701986604e-02 7.081780123844820529e-02 7.161885828964079104e-02 8.006575352261212364e-02
3.786140101378948630e-02 3.617914066685840035e-02 2.669963372227401877e-02 3.457329818755316975e-02 3.734309319161191465e-02 4.324173523004615216e-02 2.702494521955228768e-02 2.913419823567170441e-02 3.787024163500340990e-02 3.040720030470642210e-02 1.345464692353109948e-02 2.301529479085287488e-02 8.199572197218424341e-03 3.316350018539510058e-02 2.541768352373566242e-02 2.910047246281594058e-02 4.780452847903376989e-02 4.079092193729949578e-02 4.541857039009553065e-02 5.032447778388357551e-02 6.520468519526814721e-02 6.606012581926516691e-02 6.756226507747720156e-02 7.239835567625195478e-02 6.739556449647542136e-02 7.008515213513069608e-02 7.348444897302060241e-02 7.152581249410398800e-02 7.271701460699434016e-02 8.056523171220061896e-02
3.698092155318435936e-02 3.576129215754159096e-02 2.639746013553803672e-02 3.445982511038364615e-02 3.730412359120453825e-02 4.303652796036504247e-02 2.696554808092385680e-02 2.860515723909054508e-02 3.854413478093147993e-02 3.058853934043928580e-02 1.320465770822157325e-02 2.291116396983547410e-02 8.104566481933361821e-03 3.260814063597847201e-02 2.490261660904924401e-02 2.882295521219740975e-02 4.764948329032425711e-02 3.943330601214264930e-02 4.501444380707810000e-02 5.086474932640840108e-02 6.514762566636311814e-02 6.694666673343628582e-02 6.746085992857250857e-02 7.187886902856652216e-02 6.801689660692249173e-02 6.945917807921606069e-02 7.303394185906462999e-02 7.089406118787222599e-02 7.133347906803788607e-02 8.085234124753362672e-02
3.736646055450784654e-02 3.580485212777874404e-02 2.707251212150341146e-02 3.392330526471078189e-02 3.684673270825181146e-02 4.265120693940710472e-02 2.662188824057143410e-02 2.780884519190476856e-02 3.704532882033710617e-02 3.005358007367614492e-02 1.274684030193154460e-02 2.257759468662018376e-02 7.794557306227578586e-03 3.207733238629756345e-02 2.460112566590827443e-02 2.845856300029539487e-02 4.740380030567609149e-02 3.978625512479583293e-02 4.506277790486640233e-02 4.956328209195048906e-02 6.433501424600146512e-02 6.553041299294098954e-02 6.614817415913845644e-02 7.172036180000744554e-02 6.696110548776268434e-02 6.947324596407425390e-02 7.206123883782594719e-02 7.061006441445601134e-02 7.120848905608144486e-02 8.003573044273239179e-02
3.816211556466302113e-02 3.624102635829345997e-02 2.725147313258483028e-02 3.433173450615198408e-02 3.720005781054669391e-02 4.307901344187674286e-02 2.650129346396723484e-02 2.844417079210811994e-02 3.806389793140646516e-02 3.008672079272137201e-02 1.352487077836447837e-02 2.263872819383158652e-02 8.361016357274098088e-03 3.281507918415549341e-02 2.599204055973905469e-02 2.924201643687190932e-02 4.794768811170127543e-02 4.116545090646570038e-02 4.588601729321982459e-02 4.982200918330562112e-02 6.492646368286278391e-02 6.660659063777697730e-02 6.761543765399342931e-02 7.298526203432931236e-02 6.782731587236294490e-02 7.044645424641836351e-02 7.372913751487339407e-02 7.187825318187986146e-02 7.187423736657987117e-02 8.091939976423682956e-02
3.754841012307473525e-02 3.604583013106120448e-02 2.629739529857366698e-02 3.458716282538540354e-02 3.685284086566412154e-02 4.344757729611989361e-02 2.619106625852574144e-02 2.872446766318975664e-02 3.766933128509114548e-02 3.063695104425348537e-02 1.315129547680315980e-02 2.281929851078789984e-02 8.257563506771176121e-03 3.288493742317413759e-02 2.561034085630672918e-02 2.956927864457120636e-02 4.807719989840519847e-02 4.029115891286230711e-02 4.585370976638523943e-02 4.996807796972513316e-02 6.494929412589119100e-02 6.652220950126346011e-02 6.668426470273781936e-02 7.244510234872257592e-02 6.768251267013869477e-02 7.033361722663354632e-02 7.362615752196410845e-02 7.079736043741756413e-02 7.208127379037698734e-02 7.999748678269807955e-02
3.727890027381799976e-02 3.550677623659670434e-02 2.607552145255595533e-02 3.421515971342958817e-02 3.660586616615942035e-02 4.300129450846579271e-02 2.682371211079254136e-02 2.868356795497220557e-02 3.781054828343888286e-02 3.048092325795934143e-02 1.325460411230067193e-02 2.294959885214625794e-02 8.289864492647097682e-03 3.320432371744294620e-02 2.595578757686939353e-02 2.920816426805691868e-02 4.784515849805437426e-02 4.016227652146101001e-02 4.583670461103650506e-02 5.046157431202945298e-02 6.512848315672388477e-02 6.583792057319272362e-02 6.690535300730757196e-02 7.260418576519497846e-02 6.723960646162294164e-02 7.127176871240314959e-02 7.393621746945938655e-02 7.115102608463549916e-02 7.236113321816807498e-02 8.018679545791207453e-02
3.746386248797436980e-02 3.597810654827365839e-02 2.682297181785395224e-02 3.397445381214470039e-02 3.720125793606834930e-02 4.310405245628723403e-02 2.671561241876221904e-02 2.849357194795765214e-02 3.772669321048433000e-02 3.029270336800762853e-02 1.333396169580966517e-02 2.295445870839027402e-02 8.131675015127293182e-03 3.201263643926402502e-02 2.517582802599999114e-02 2.922347195983679424e-02 4.755488045902271643e-02 4.062810537608202432e-02 4.566624292627978476e-02 4.892631326601971919e-02 6.542377951017874782e-02 6.687411897253241200e-02 6.628729211672786115e-02 7.230630992534062274e-02 6.825471723937553969e-02 6.997018252122444437e-02 7.383960835859385008e-02 7.052841116802967270e-02 7.199986847161367332e-02 8.061698274640941020e-02
3.787117928091222885e-02 3.656657456080139590e-02 2.726294701197362613e-02 3.457285242581630003e-02 3.714161971629093006e-02 4.333244037396238868e-02 2.642255396748119378e-02 2.852081200937536809e-02 3.755926999412032008e-02 3.041963538935524292e-02 1.331925363742830770e-02 2.320885710614739583e-02 8.604935795818530186e-03 3.253357522141794855e-02 2.606576454351891559e-02 2.939069510457756329e-02 4.741812752637752926e-02 4.023347638159795181e-02 4.569382773846961121e-02 4.972626574728560012e-02 6.458705374726411708e-02 6.765464198800176521e-02 6.638228993059142047e-02 7.252262558612403154e-02 6.875815959159160828e-02 7.086494312337346391e-02 7.307230201969712458e-02 7.094411587960906818e-02 7.166973269376245015e-02 8.052353409934571993e-02
