5.399520498955667769e-02 4.740036434879923988e-02 4.741564171611445389e-02 2.142805491523125383e-02 6.221149421788263467e-02 6.787336861023884893e-02 4.720937869672647835e-02 3.283882517417135993e-02 7.305012471539074070e-02 6.648663091598683295e-02 5.407822708083354080e-02 6.410390239086427577e-02 5.543044633216887007e-02 5.880504699089561527e-02 6.999965058241475191e-02 7.654868286853955262e-02 8.569422019555550385e-02 7.991852334148785708e-02 9.246556818616680218e-02 8.498206187538581702e-02 1.067429090260147984e-01 1.136163729355375018e-01 1.027714823733574256e-01 1.194932439961329251e-01 1.147809525604512881e-01 1.144112134377508472e-01 1.195805256945166040e-01 1.078322402560978333e-01 1.139546991321955804e-01 1.178153867401454669e-01
5.381491655913306360e-02 4.768693766480813778e-02 4.711370310430451624e-02 2.183353664336906697e-02 6.175170309091493337e-02 6.804054776057810727e-02 4.760047715436810378e-02 3.280735339158558084e-02 7.309981014593325277e-02 6.692116224097577337e-02 5.503282037388168568e-02 6.495766678085801438e-02 5.586974551385370802e-02 5.900982380291930340e-02 7.059448335314133516e-02 7.633811499239029352e-02 8.575184227612075993e-02 7.973706027085958326e-02 9.236979820794011253e-02 8.502735664599669896e-02 1.078101405276792324e-01 1.142371491913081183e-01 1.034702899486215077e-01 1.204568149073725891e-01 1.156256121800025571e-01 1.147297043341448664e-01 1.200951911264964700e-01 1.087181444773726025e-01 1.140995581754640220e-01 1.199169219087325988e-01
5.405349117715241292e-02 4.802322714751916521e-02 4.737378866522434784e-02 2.182859018895366710e-02 6.203197773217250521e-02 6.860614427548927807e-02 4.713625745053606764e-02 3.266592702192738784e-02 7.324382902989445832e-02 6.699742827682264590e-02 5.445139474050963990e-02 6.437445309594891363e-02 5.579846393718335129e-02 5.870375925695681119e-02 6.975737991215535949e-02 7.588453437968945003e-02 8.480562664963087194e-02 8.008342211962027335e-02 9.190230101858043454e-02 8.513173726923151108e-02 1.067075494946683190e-01 1.143826642477170363e-01 1.036071077244307137e-01 1.195917733018581064e-01 1.155405494585648452e-01 1.136401696579487641e-01 1.188489093400746377e-01 1.091758121240222756e-01 1.139643185719518836e-01 1.187317752483068034e-01
5.410043826948740531e-02 4.796260494079040981e-02 4.772709813246689414e-02 2.157842744513960298e-02 6.213026280256461753e-02 6.837779580711567107e-02 4.767132587098532603e-02 3.257977963614222539e-02 7.385608514140407088e-02 6.743815921740714536e-02 5.445558879284839726e-02 6.513289535421962206e-02 5.529208574189414804e-02 5.880135080256354563e-02 6.995518392303279320e-02 7.589654623478647721e-02 8.462958921047225580e-02 7.940684127781283408e-02 9.195429402838040112e-02 8.401410288341759625e-02 1.071830470264318880e-01 1.136402931077078460e-01 1.031507100150386158e-01 1.198151961059688020e-01 1.147734331329457458e-01 1.145844929664103784e-01 1.195359703694449660e-01 1.067058561851519372e-01 1.136541458167164009e-01 1.184568178328431198e-01
5.398325593266073419e-02 4.724839618070997282e-02 4.705196466596928140e-02 2.160237974693157703e-02 6.190727923179806247e-02 6.779910421199941695e-02 4.708022762769670244e-02 3.283321058031440920e-02 7.300295940330814304e-02 6.614363172805970414e-02 5.399156846038088986e-02 6.442461371974150808e-02 5.521049770864849826e-02 5.904341652131828155e-02 6.996479487938112030e-02 7.581336705954799804e-02 8.505787267127984386e-02 7.947233373414719360e-02 9.191303201779299492e-02 8.474984283460584855e-02 1.058912878062543417e-01 1.132943683832690063e-01 1.030812576891144694e-01 1.196767110486487429e-01 1.145979948897690726e-01 1.139833306372350918e-01 1.199184249624787313e-01 1.073949787562198388e-01 1.138510115300466197e-01 1.174233152939632152e-01
5.370877648454275288e-02 4.763209575529403494e-02 4.646288001388731992e-02 2.151119498094811178e-02 6.188427600159474018e-02 6.868801803250379479e-02 4.757809965515025219e-02 3.252261176101889362e-02 7.273192752080626100e-02 6.673836149388612249e-02 5.320620886161897545e-02 6.376827023524800353e-02 5.503267562487201836e-02 5.853876943960312218e-02 6.996910177227255723e-02 7.531087723751594964e-02 8.502963523797424372e-02 7.909916390836690958e-02 9.155811239714517491e-02 8.440836932808948312e-02 1.062049421344559708e-01 1.127098534000532393e-01 1.025994089326665026e-01 1.184501234184813789e-01 1.142509955610782058e-01 1.147730607501384892e-01 1.191280805423411415e-01 1.073962719488807949e-01 1.137956277966876151e-01 1.187156746956459230e-01
5.404075424161436381e-02 4.812316230693447494e-02 4.744156903297258587e-02 2.161674813673197804e-02 6.220656697689186387e-02 6.822826535484272092e-02 4.736812987803618036e-02 3.273973971540788952e-02 7.294875887084861787e-02 6.684913874774323084e-02 5.369082300747018976e-02 6.407913208792770376e-02 5.506310128877833776e-02 5.889548144683676156e-02 6.958816196863781833e-02 7.508225228126907957e-02 8.535678774017640968e-02 7.934249911512725184e-02 9.118389912964475208e-02 8.491486705990136663e-02 1.072288499472562329e-01 1.125617458502987667e-01 1.032847385028790033e-01 1.185123917439265817e-01 1.137668883907791972e-01 1.139699114149665959e-01 1.194044161033647189e-01 1.078347468572744550e-01 1.129634117822060357e-01 1.190466134480328009e-01
5.366648613491564745e-02 4.717512968062997913e-02 4.741743855282831710e-02 2.172454101878407151e-02 6.233673361285840819e-02 6.891033379810362902e-02 4.752074455440169487e-02 3.275248284271170540e-02 7.382018163985115677e-02 6.756007534327079789e-02 5.449013131950319888e-02 6.489576243328687433e-02 5.576221351975685359e-02 5.882945564444752584e-02 6.977117642092722782e-02 7.580893618046058435e-02 8.445646999702161040e-02 7.880991701182882281e-02 9.160109293024554233e-02 8.494219672553349199e-02 1.061264027480708361e-01 1.139383165766381101e-01 1.032770714082713592e-01 1.188124288747007817e-01 1.153700705252944658e-01 1.134387394932980797e-01 1.193479832568726806e-01 1.083324919480090909e-01 1.126855625123064364e-01 1.177599400905040561e-01
5.474029810974134769e-02 4.823650125187617377e-02 4.806718856592540057e-02 2.286914594419453550e-02 6.276285894103428298e-02 6.852604806614737143e-02 4.754151834563136170e-02 3.363778948487006204e-02 7.458274450369350994e-02 6.766061532880729423e-02 5.466124602948063682e-02 6.514720091616710285e-02 5.732811654574798688e-02 5.935171695153607097e-02 7.161826964054918143e-02 7.740322397038434943e-02 8.480362586987877371e-02 8.061440379230022657e-02 9.320065732296201055e-02 8.601742417055802115e-02 1.071987904318785212e-01 1.155265684628070666e-01 1.042890890133085779e-01 1.209772965439523951e-01 1.167268553319429358e-01 1.155506399442620680e-01 1.207625014972182331e-01 1.098144076404836689e-01 1.145436294320709703e-01 1.194770524624553243e-01
5.440361656379311128e-02 4.814078635225427227e-02 4.750266294054772409e-02 2.160116275857726365e-02 6.225216899492713729e-02 6.801487117167881458e-02 4.787062347615989033e-02 3.336052053852078814e-02 7.379594108005571584e-02 6.751921457163589935e-02 5.391066790877352410e-02 6.501773899040430571e-02 5.494162143934544495e-02 5.963875549798625109e-02 6.968558994080420455e-02 7.542090627693287530e-02 8.526071897341758188e-02 7.988519982314223888e-02 9.160940715070498008e-02 8.541942796643131608e-02 1.071749720989241261e-01 1.130874344193550929e-01 1.031008564374151781e-01 1.186944199230093311e-01 1.142678664087175555e-01 1.136184056666391662e-01 1.195330041520263897e-01 1.075443480044400157e-01 1.137252768755272481e-01 1.181367176252685613e-01
5.373670270326180720e-02 4.793028243879948747e-02 4.745121162515242297e-02 2.190369387659418798e-02 6.153997090312302021e-02 6.867446206632688011e-02 4.790721773420036911e-02 3.322531270964024230e-02 7.458714339258665227e-02 6.741084853631651441e-02 5.424224608217453891e-02 6.529967379007239892e-02 5.583979662110771791e-02 5.954647541990421011e-02 6.969202853208744664e-02 7.604809782344390534e-02 8.477658603981730323e-02 7.947008878275907406e-02 9.181053994099119819e-02 8.555086785367516100e-02 1.064286408775358961e-01 1.139961380146219394e-01 1.031870514131301153e-01 1.195755987878885929e-01 1.149843133247716587e-01 1.138315480200604579e-01 1.190854042171582972e-01 1.078145770493634803e-01 1.137572796796879615e-01 1.189589980791656565e-01
5.376681086383583441e-02 4.782679382431487269e-02 4.742011431474191241e-02 2.181699306396001070e-02 6.144787375484273007e-02 6.863936351635224753e-02 4.773952897838107390e-02 3.296813733284165160e-02 7.356933687826416879e-02 6.721436038862638185e-02 5.434484063576938695e-02 6.505541636326261923e-02 5.623912199503067200e-02 5.927148840312290723e-02 7.057203554229496412e-02 7.660513257976298007e-02 8.524930584254852839e-02 7.980576616918155786e-02 9.283011740544400148e-02 8.535143051649685120e-02 1.067696919512806097e-01 1.139768942415679831e-01 1.040587041259120049e-01 1.200992843006853938e-01 1.151940853867885473e-01 1.151385101417030654e-01 1.197722708882582587e-01 1.092994485759948287e-01 1.136646296567644931e-01 1.178820950360099928e-01
5.426064990399814825e-02 4.813329317290193643e-02 4.767795244525663279e-02 2.205769792262368689e-02 6.216892891180814118e-02 6.792457275837460173e-02 4.796273225199310097e-02 3.303272726915329471e-02 7.370271203436518093e-02 6.728692075514564053e-02 5.553837373179315584e-02 6.487985604563806241e-02 5.676507837666955325e-02 5.951104142810792474e-02 7.090529826861846630e-02 7.683265378459269712e-02 8.573951370077304013e-02 8.027681757002658181e-02 9.253108541197541115e-02 8.444528708589493782e-02 1.076224893166759511e-01 1.146818916133267585e-01 1.030035322907811857e-01 1.200984371518090121e-01 1.162687804638344868e-01 1.155428965716354117e-01 1.205982836154217974e-01 1.079095268533745156e-01 1.150237994786558193e-01 1.197901716041775977e-01
5.356356842364107251e-02 4.760551812710400732e-02 4.674938703778774851e-02 2.165800424687680525e-02 6.175170744599056682e-02 6.859674846236019086e-02 4.745568146859002745e-02 3.315170565918501566e-02 7.317176764531518884e-02 6.678097714754582803e-02 5.427202464126246184e-02 6.459875298669226495e-02 5.483038515405036506e-02 5.895607892852683385e-02 6.902963721114319107e-02 7.536375601819966796e-02 8.421924427376259459e-02 7.915958708981007952e-02 9.106158753367576963e-02 8.499263254757738473e-02 1.062085859544079636e-01 1.131401797767206396e-01 1.037770349703823758e-01 1.185029907203947186e-01 1.142928856068818888e-01 1.134843895701325156e-01 1.187504519694211336e-01 1.085188138465915664e-01 1.123045532390964940e-01 1.179649549672536768e-01
5.404933553516322320e-02 4.812424473365584099e-02 4.735802022086010865e-02 2.166351626637275096e-02 6.156659689859256268e-02 6.914710345612551379e-02 4.750469724699968310e-02 3.271108090719820893e-02 7.343926284125035231e-02 6.696694957128035419e-02 5.391307576271242574e-02 6.420400013216021051e-02 5.431773259645722440e-02 5.890118506872399351e-02 6.931298328025015110e-02 7.489670974439288642e-02 8.447413825868044235e-02 7.975244136831882713e-02 9.104643256096212056e-02 8.478544373337482121e-02 1.070850737323443269e-01 1.125803471724560190e-01 1.029407749981021691e-01 1.188520557448802251e-01 1.135914128221899855e-01 1.150740808348862387e-01 1.183856797882791856e-01 1.076801116289871629e-01 1.143338172008616649e-01 1.186978970606591410e-01
5.394039260953475967e-02 4.826496147974324025e-02 4.750598343522138833e-02 2.179952861707845635e-02 6.211726076272472419e-02 6.815872852779092383e-02 4.754165343587479775e-02 3.291131920337897476e-02 7.382931002200265880e-02 6.716780268189381786e-02 5.442328144618291397e-02 6.407273045800998545e-02 5.541922530495257959e-02 5.934974878176935142e-02 7.051519792563776257e-02 7.623560332987922017e-02 8.569205416247571705e-02 7.968931574590798483e-02 9.221794829920559877e-02 8.486758606611721767e-02 1.069087657638601030e-01 1.129990922385712970e-01 1.029943112099143132e-01 1.203388466136476875e-01 1.147466143076292244e-01 1.155436085713610339e-01 1.200676004620215842e-01 1.076881119741956994e-01 1.142162408193110323e-01 1.194603843219392836e-01
5.401458493231725555e-02 4.778429972819764338e-02 4.694015660014483338e-02 2.131956625450204257e-02 6.205922271335806428e-02 6.886633150181320495e-02 4.717415859489104690e-02 3.311952793667494177e-02 7.294598827055542856e-02 6.693840534192307956e-02 5.395951303180956948e-02 6.441143107240754340e-02 5.506109473533027376e-02 5.975611343926590102e-02 6.958528967450150482e-02 7.564862266758165532e-02 8.490478320292682568e-02 7.930223085432919206e-02 9.199086960907409960e-02 8.573339709657545882e-02 1.062927335041876642e-01 1.135044748462965547e-01 1.032712195885379103e-01 1.187009191332708546e-01 1.146314879016301358e-01 1.133974350807531728e-01 1.190377545616159161e-01 1.075586278316422728e-01 1.136474956355180144e-01 1.183660460922988378e-01
5.371053087358479416e-02 4.786997713837415347e-02 4.741314803142593348e-02 2.170499646416335082e-02 6.205826500380595689e-02 6.872598423508358145e-02 4.805425333951296452e-02 3.272054435847926435e-02 7.331840247397525268e-02 6.742678220066911088e-02 5.465453233624217866e-02 6.532693140832956935e-02 5.540882135632063665e-02 5.876627344449469881e-02 7.043785882023789746e-02 7.600601631838865835e-02 8.465494191086953002e-02 7.966548677795715072e-02 9.202004682576458983e-02 8.524233667058411790e-02 1.068599801301746144e-01 1.132173526150954679e-01 1.027277214909210201e-01 1.196458537158338054e-01 1.149535174524225489e-01 1.142633546576625747e-01 1.199023208680891628e-01 1.074655742471397613e-01 1.138352508536064622e-01 1.188448499355392318e-01
5.432089424357799956e-02 4.759156685884535776e-02 4.720594562869395716e-02 2.177991257057532160e-02 6.268678450783649048e-02 6.828331707080814716e-02 4.700158409460142295e-02 3.306325238090646046e-02 7.337632062589816151e-02 6.695559708420906198e-02 5.413929868253219979e-02 6.449501385224709615e-02 5.558746778449030757e-02 5.932850392283595120e-02 7.009783499180821664e-02 7.553912239591231703e-02 8.452238653441934702e-02 7.953218787528104627e-02 9.128461866201642572e-02 8.510218943736136410e-02 1.062174616661493154e-01 1.141914836585795623e-01 1.037340443516348021e-01 1.192088884571083085e-01 1.148941134785153029e-01 1.148108896686965696e-01 1.192284889948063142e-01 1.076465256272562954e-01 1.135408347219486469e-01 1.185574463828442671e-01
5.385325664024476211e-02 4.753717378160859930e-02 4.716795021421127387e-02 2.127505830643383611e-02 6.182370585576357769e-02 6.823024968575541749e-02 4.732991311608758522e-02 3.231854818588875133e-02 7.342154448901139219e-02 6.682527433250395887e-02 5.316800916078445738e-02 6.384021095327874207e-02 5.477668453921658021e-02 5.837717495290961622e-02 6.876774406538466167e-02 7.463039655039538367e-02 8.439640027916683884e-02 7.877404034458690418e-02 9.108066181951102180e-02 8.433292209001441719e-02 1.058571789685349707e-01 1.132149452605240025e-01 1.020879373225858089e-01 1.177946516085999207e-01 1.143405282240690379e-01 1.128571153795983051e-01 1.186208675805728863e-01 1.065882533088253759e-01 1.129810968687983141e-01 1.172897463514841476e-01
5.301935895870557580e-02 4.753311655088920951e-02 4.635115156308500239e-02 2.103749561287449055e-02 6.102625912423831345e-02 6.743622856349529293e-02 4.727124254232983880e-02 3.183787444286201307e-02 7.284879718993964026e-02 6.598776937133243869e-02 5.292060252548758115e-02 6.374893651957402874e-02 5.453838723307846692e-02 5.840392970086316637e-02 6.941425160800251959e-02 7.471993025724610327e-02 8.422709938956485232e-02 7.841046745248880789e-02 9.068431036943702672e-02 8.379919085319298411e-02 1.070302485702465667e-01 1.127279246453039008e-01 1.020630736870826727e-01 1.185250247240774435e-01 1.139061185299501400e-01 1.127988055956210545e-01 1.178592299489567008e-01 1.071175651973752529e-01 1.127378717466651636e-01 1.180685750020957769e-01
5.376325494480682643e-02 4.817861756655439365e-02 4.766367353546563379e-02 2.169442433775081724e-02 6.224183480971623439e-02 6.929830530062575100e-02 4.810705713814833473e-02 3.307791322623265806e-02 7.404104278687584362e-02 6.816205877105452338e-02 5.376112086802753431e-02 6.528041412646690134e-02 5.497275645365884422e-02 5.928113261997203232e-02 6.938391790487430377e-02 7.514490559584197094e-02 8.646042261725050970e-02 7.982561743673310950e-02 9.138427489572453766e-02 8.518157457912223229e-02 1.077153381368671781e-01 1.130932559938151449e-01 1.031653604701709970e-01 1.183407287551834219e-01 1.140593628371979751e-01 1.135165123947130539e-01 1.186723043739981165e-01 1.072110239981380886e-01 1.137676666747016174e-01 1.191032394165962849e-01
5.333783078597420513e-02 4.736417795849878765e-02 4.649389594697006522e-02 2.075852920300924609e-02 6.122812686638590129e-02 6.748279215645669460e-02 4.676544090777645657e-02 3.188723559034611910e-02 7.212658797814830436e-02 6.560259163573034513e-02 5.346655865756932968e-02 6.317363070043291451e-02 5.397390617646480315e-02 5.826748395357861376e-02 6.878966837327693540e-02 7.474910516892618872e-02 8.418731380401589526e-02 7.829388369537038095e-02 9.099525590093282545e-02 8.349396737059011642e-02 1.058481851226269477e-01 1.123941791657561140e-01 1.018203926753524780e-01 1.180338986197095874e-01 1.137330850076916366e-01 1.129652880355516142e-01 1.183990254215920856e-01 1.076055414524157428e-01 1.127709597413639742e-01 1.173161399514770498e-01
5.384850830740850469e-02 4.769045353080159089e-02 4.737440179741359003e-02 2.173092066355564178e-02 6.204212571628731077e-02 6.750876072124123439e-02 4.731117443382548693e-02 3.315195360128031510e-02 7.290872260391023651e-02 6.652799578574919437e-02 5.466073725419562379e-02 6.427673808811640299e-02 5.571816803812401631e-02 5.993267116939238193e-02 6.949369985124587146e-02 7.546695906246658758e-02 8.438736459446483096e-02 7.842051065879518390e-02 9.141163418586017997e-02 8.519952064587554830e-02 1.054915344814402189e-01 1.142317920462365688e-01 1.037357248917123442e-01 1.188111462845291566e-01 1.153212978847164560e-01 1.137966444216411688e-01 1.189587404622414191e-01 1.080745224038666130e-01 1.122703803293234603e-01 1.177385349484052490e-01
5.328666912927193522e-02 4.750376170238101992e-02 4.679411739659133929e-02 2.131201530027770907e-02 6.130328470645918237e-02 6.821560560805206563e-02 4.741851863439494608e-02 3.208045116720459333e-02 7.288063965360280783e-02 6.700149421221057722e-02 5.403628530648374451e-02 6.424996952614403511e-02 5.505369683162530947e-02 5.810561282959980645e-02 6.954641176181985962e-02 7.591449282792783748e-02 8.544804234718839098e-02 7.833642315529920630e-02 9.174594374247746487e-02 8.316631158972898064e-02 1.070448433345452255e-01 1.134240234987295981e-01 1.010357602578826341e-01 1.196245482534517013e-01 1.145504990247581123e-01 1.146207131171550486e-01 1.192426748712036577e-01 1.060073519537088060e-01 1.119190489854222648e-01 1.179617359531894838e-01
5.412256382332314431e-02 4.843370658841639198e-02 4.775822440453181272e-02 2.245047083032236657e-02 6.233791895101759017e-02 6.861940562717916414e-02 4.760107597750118380e-02 3.357915414747814076e-02 7.371949325807913844e-02 6.773477021990825797e-02 5.525683729156360968e-02 6.507292177783496889e-02 5.651925878197450182e-02 6.014166145962906995e-02 7.080175856732484618e-02 7.659237413170227882e-02 8.614661086601338447e-02 8.036141107231298264e-02 9.249300591577913622e-02 8.525286222520778168e-02 1.077194649252217751e-01 1.150507425188285193e-01 1.030092765390044907e-01 1.201689937006924502e-01 1.159825212404321793e-01 1.162922247483053617e-01 1.199220251810828586e-01 1.077333724489208944e-01 1.144116699019894767e-01 1.196976089886114814e-01
5.370868030166797702e-02 4.817603667429715131e-02 4.716085998678343216e-02 2.187406942621694661e-02 6.188107760967587190e-02 6.840873804434477456e-02 4.725627478594640607e-02 3.303652629149045339e-02 7.302975789212307056e-02 6.647441822141653134e-02 5.372452020397910921e-02 6.351041819527636356e-02 5.467217182005934539e-02 5.939482746648883094e-02 6.897880432172986964e-02 7.466614301786300700e-02 8.527808954068083480e-02 7.940048327827020636e-02 9.053015368095485016e-02 8.545529369048332491e-02 1.064627470990953118e-01 1.129444992527472991e-01 1.042714499216221835e-01 1.182102788810566185e-01 1.138305783523991810e-01 1.131500293042133620e-01 1.181470000692614875e-01 1.087602357402635000e-01 1.137033096125767972e-01 1.183439364580001207e-01
5.450054610863097615e-02 4.831935875333992492e-02 4.814119398606386824e-02 2.217147692361121081e-02 6.246573946751898809e-02 6.879786793255160404e-02 4.798124805200520981e-02 3.308783506694878973e-02 7.374097864173267958e-02 6.771682954531699217e-02 5.454646681688113397e-02 6.484437994046898801e-02 5.597672737436631962e-02 5.910924010663132222e-02 7.103908828174376744e-02 7.734070350491406565e-02 8.556986583434866844e-02 8.063858279244051630e-02 9.303256952362737309e-02 8.497402183613322890e-02 1.078274395835130406e-01 1.146113746092130015e-01 1.033700612008205955e-01 1.208230963868501817e-01 1.154746349939779204e-01 1.156557308354910774e-01 1.203720130349656969e-01 1.077568908477632981e-01 1.147056784566191645e-01 1.179514703691266764e-01
5.334770998566407130e-02 4.795040489526414262e-02 4.677302740823696681e-02 2.144070637392991863e-02 6.139533552273124251e-02 6.782885821938222648e-02 4.736800012887187883e-02 3.350570205711567162e-02 7.265441711392228719e-02 6.631496823082527747e-02 5.317332112875861050e-02 6.398025558868725149e-02 5.394422227302264616e-02 6.006366661939455120e-02 6.869015260850930282e-02 7.462078854594689226e-02 8.497804661760510747e-02 7.901706464447499911e-02 9.032854083281272040e-02 8.585828474288881296e-02 1.063456357017793508e-01 1.112148990412633598e-01 1.034250102975116103e-01 1.180848646536583058e-01 1.123460259117350368e-01 1.128488615988954002e-01 1.176034945839967705e-01 1.081821725196496775e-01 1.130729731981698905e-01 1.192691784283010925e-01
5.405887010725418662e-02 4.801827097930333466e-02 4.749096692669274589e-02 2.164058456990702872e-02 6.209099774630710833e-02 6.865295551168548727e-02 4.698614317904881155e-02 3.328171833518922540e-02 7.402116030420557991e-02 6.760775606918767444e-02 5.431824556258724179e-02 6.486914981210745168e-02 5.578904805867268557e-02 5.942424000250445815e-02 7.040147606750668530e-02 7.627784422344330295e-02 8.438464980804916138e-02 8.009677466200648688e-02 9.237144708366673562e-02 8.585827828676872997e-02 1.072838215181013410e-01 1.145104963524916641e-01 1.032592432489360945e-01 1.201657781327531982e-01 1.156086729545853231e-01 1.140558879442710172e-01 1.202828012443486472e-01 1.080627405573317823e-01 1.143397468502647119e-01 1.184146706752609024e-01
5.380235954821377398e-02 4.759963828361346572e-02 4.660975827766478119e-02 2.184649155830631351e-02 6.175051510224949247e-02 6.805520000503051392e-02 4.691219940000368460e-02 3.325140319066210992e-02 7.264886565118433559e-02 6.667612055151872497e-02 5.556616555650251144e-02 6.448125548971561649e-02 5.694170527847353114e-02 5.951773385822112239e-02 7.160064445148628387e-02 7.803340210253795206e-02 8.456831061436198560e-02 7.922950217009683271e-02 9.367328695299170782e-02 8.573054418038328350e-02 1.063900555902956846e-01 1.149234640584064771e-01 1.031316636894825667e-01 1.214693513468760866e-01 1.166277336172574230e-01 1.154163925289082293e-01 1.207234974175781517e-01 1.075370922427927312e-01 1.136609706493529881e-01 1.181450302007571729e-01
5.459631416197363585e-02 4.788015440116311083e-02 4.738078564145720151e-02 2.174394418147151953e-02 6.262360956097556830e-02 6.859775407808377246e-02 4.724372980523283694e-02 3.243169329725859029e-02 7.339507422802027392e-02 6.734425010917211019e-02 5.422200380012465182e-02 6.487929005493753287e-02 5.612420817693708486e-02 5.863523905210965559e-02 6.999836118987978750e-02 7.673864894820692228e-02 8.404853900010644807e-02 7.949376611774461310e-02 9.225025052423485583e-02 8.356462483685733744e-02 1.065285914865696792e-01 1.134871659151635015e-01 1.021032344580838913e-01 1.204650615537614655e-01 1.151389498337280770e-01 1.151827050991935941e-01 1.190604283685647857e-01 1.070163165002522287e-01 1.135332608508807795e-01 1.177712159454880059e-01
5.418345416593495223e-02 4.807689567830242261e-02 4.719523171572692632e-02 2.215209734578404976e-02 6.210253332405235582e-02 6.868828235399337956e-02 4.730336791994327328e-02 3.332940147481555648e-02 7.314726129414639288e-02 6.685455294343922716e-02 5.406577217527197554e-02 6.424267335364430842e-02 5.559494662103237062e-02 5.926265997929291984e-02 7.072428220310422731e-02 7.655299843991536513e-02 8.529352807901791067e-02 8.010732913476426020e-02 9.231596358701588123e-02 8.501786613968964623e-02 1.066266408087679363e-01 1.139580230109835668e-01 1.028933967776812786e-01 1.197927578690001216e-01 1.146267439935306776e-01 1.147399301099141233e-01 1.199359437506439807e-01 1.077193615337239674e-01 1.141432224361766945e-01 1.185355644526426833e-01
5.392214803543460278e-02 4.821794109279609053e-02 4.750513525037303175e-02 2.158561693910376889e-02 6.189915696533176970e-02 6.877520130421932443e-02 4.753525061499530580e-02 3.239725664719950160e-02 7.380967129339466304e-02 6.780292818482647199e-02 5.463239302560363164e-02 6.456710082064009981e-02 5.571873087376877365e-02 5.855310133885849311e-02 7.013766762701179047e-02 7.615988474499024719e-02 8.505906999374479582e-02 7.992785171882532680e-02 9.210426128735149653e-02 8.441777451099130580e-02 1.066360020678354115e-01 1.146543001067796830e-01 1.025151122517646840e-01 1.199616166171595388e-01 1.155053418569194079e-01 1.146368838084170783e-01 1.196884846776620215e-01 1.069644067864381487e-01 1.141011805551990221e-01 1.191248202570280856e-01
5.408870769849194460e-02 4.806853308583347584e-02 4.782509940661006098e-02 2.270989606815176920e-02 6.216581684830613241e-02 6.832673619342322091e-02 4.774242500123215827e-02 3.387620020878245874e-02 7.404300201555469307e-02 6.794980752845813932e-02 5.478524257633043959e-02 6.516198706693421272e-02 5.619145910738976291e-02 6.074747581869477386e-02 7.074701304122621437e-02 7.656276941208339792e-02 8.468730668324808697e-02 8.027896698321757007e-02 9.238668689472251394e-02 8.671767182653988826e-02 1.059005185829966500e-01 1.146824067502172362e-01 1.048348891880495071e-01 1.206737790652365749e-01 1.159358458156445337e-01 1.151410039646514338e-01 1.202526274830528763e-01 1.094234058528456011e-01 1.148485906280101165e-01 1.190730726428188557e-01
5.376597767400936867e-02 4.787287326104006091e-02 4.722497411430159886e-02 2.181445077667842902e-02 6.197523286152128996e-02 6.846712908536090048e-02 4.764006888523586447e-02 3.312627819182623057e-02 7.375454373009726616e-02 6.701826448248038304e-02 5.411592265158216009e-02 6.453395958918783926e-02 5.546938246000143735e-02 5.945531350192867492e-02 7.040897723287597998e-02 7.580151557827119468e-02 8.424328659034885369e-02 7.980499208908176101e-02 9.208157504758607281e-02 8.527741815546496795e-02 1.060560884007788474e-01 1.139112000473856412e-01 1.032329941900047565e-01 1.191496210911504594e-01 1.151179574713092624e-01 1.145581298897808686e-01 1.198614721957234064e-01 1.080496586035282203e-01 1.142432240157418288e-01 1.177787478260197140e-01
5.329238282150616790e-02 4.778261737457323299e-02 4.689907383263958174e-02 2.083870658726016956e-02 6.137564369648274010e-02 6.803216538416712034e-02 4.675205103719437538e-02 3.193178375421656945e-02 7.296283050874285969e-02 6.630110816780998562e-02 5.311575593880935031e-02 6.420603583631234734e-02 5.462646849228924850e-02 5.827894098252328625e-02 6.915965636898424584e-02 7.507040831607425524e-02 8.476361082361738575e-02 7.867911624820012051e-02 9.110283169106447865e-02 8.392028030174492059e-02 1.059699758664789382e-01 1.124232148361290484e-01 1.016778502423709707e-01 1.191557204554809513e-01 1.136049765773474718e-01 1.136293095204981007e-01 1.191599016895279473e-01 1.065887749189162736e-01 1.131768080651778252e-01 1.182683484571525057e-01
5.394611746808886110e-02 4.789915469840844153e-02 4.726190132653851350e-02 2.209653896850327648e-02 6.182320242935146481e-02 6.871629142215596175e-02 4.730318042523662392e-02 3.318215719745598591e-02 7.368229822108474103e-02 6.721944816722436045e-02 5.490984266108922540e-02 6.478527421581370405e-02 5.601101489333770722e-02 5.934610528153516640e-02 7.017454080381302362e-02 7.662853327493901467e-02 8.504030573682985761e-02 8.012904353316008255e-02 9.226019986043354493e-02 8.525876045800595548e-02 1.060356336594847626e-01 1.139007732759371727e-01 1.035861156391957305e-01 1.206275939126841834e-01 1.148922472998363808e-01 1.138484686324359174e-01 1.194626049040632410e-01 1.081824108576832089e-01 1.145371269931001468e-01 1.187700296255127519e-01
5.439804401312309245e-02 4.843221150758902915e-02 4.790413258124015528e-02 2.174213715971506922e-02 6.251110021186234711e-02 6.893059683873459242e-02 4.805210272696358587e-02 3.355433383554773386e-02 7.384939095568521239e-02 6.745935628525767669e-02 5.523098975185747328e-02 6.498737591470460373e-02 5.626241895039263419e-02 5.983966948830743426e-02 7.106646011539208274e-02 7.676177528258287808e-02 8.390702802718252862e-02 7.860564111329049197e-02 9.252586718475486194e-02 8.492463009463357970e-02 1.056259598225750551e-01 1.136191147748049080e-01 1.025588130510346474e-01 1.201842150007510490e-01 1.150649849112266310e-01 1.151918818966559677e-01 1.199121665691462724e-01 1.070842450721687378e-01 1.122532913595883919e-01 1.180086639939592619e-01
5.391939538474876947e-02 4.804845756970244075e-02 4.729421636040820331e-02 2.231525119343191754e-02 6.246091106547191352e-02 6.778684716832139578e-02 4.783001713892920392e-02 3.360363610694938608e-02 7.327948683646923200e-02 6.739237047242374601e-02 5.493984101962245958e-02 6.497525572452289566e-02 5.641708755717633750e-02 5.983030498322672308e-02 7.060035788998120232e-02 7.686671752818230452e-02 8.568686291548566203e-02 7.960655786516368515e-02 9.230173005906139316e-02 8.502333907749326514e-02 1.084585063865508570e-01 1.149246764733584669e-01 1.026586455591349534e-01 1.198366155447538883e-01 1.157769952358285170e-01 1.149259913477969075e-01 1.190068566945858830e-01 1.073655572683946957e-01 1.139280109693134868e-01 1.176497436287142762e-01
5.407126640185522248e-02 4.772961305708700586e-02 4.724333747015707630e-02 2.107584928827987980e-02 6.218182572173391875e-02 6.854860804608819969e-02 4.747905216780234916e-02 3.223767712046465839e-02 7.324351541884110972e-02 6.682074362235335130e-02 5.337133001860938641e-02 6.427557379408810334e-02 5.564812990111933644e-02 5.864454970308030646e-02 6.990360888612534573e-02 7.598083806166289200e-02 8.500502689623834485e-02 7.778190123996275851e-02 9.132173845672331147e-02 8.450131985651765376e-02 1.062750096320312920e-01 1.136380819580291579e-01 1.021190119075872094e-01 1.183809736280523328e-01 1.144425911931654660e-01 1.143042116900045979e-01 1.187580827510885673e-01 1.067867821160513042e-01 1.120774024761161947e-01 1.178220922934132275e-01
5.395473340263290396e-02 4.744315946279620277e-02 4.793702930585430622e-02 2.225675297801532615e-02 6.240661423619520143e-02 6.892424265998631228e-02 4.768795541148174166e-02 3.373901531142142751e-02 7.448851882535700852e-02 6.755639533697954668e-02 5.585427900818018543e-02 6.484421687526875644e-02 5.693680231857145557e-02 6.025691142892153351e-02 7.144879844618046150e-02 7.770510402827812690e-02 8.568939021494825781e-02 8.008105246392260845e-02 9.305664490902443298e-02 8.606392711539512241e-02 1.073794079074645857e-01 1.148548151703263631e-01 1.042042245624246188e-01 1.212305859975713052e-01 1.158599265137691958e-01 1.151940572613636693e-01 1.208074300335713058e-01 1.086709435244552768e-01 1.141352068275143239e-01 1.187322304441216225e-01
5.387220483505994473e-02 4.698576152106026527e-02 4.708630338155472828e-02 2.175957688258911560e-02 6.190949614324425809e-02 6.748583191298318518e-02 4.667551512468270936e-02 3.276966966125960390e-02 7.299624325218645460e-02 6.681253460690927959e-02 5.484280140747288534e-02 6.404933414472879782e-02 5.563107970643055289e-02 5.885391699283015754e-02 7.048853870056159820e-02 7.608601917705870576e-02 8.328703315659846673e-02 8.030642808842158864e-02 9.200742402444084256e-02 8.454840112668482455e-02 1.054466939026110772e-01 1.137983154575794575e-01 1.021775130022992695e-01 1.194984883980259038e-01 1.149489733963977578e-01 1.150819997456797861e-01 1.189446539027623206e-01 1.072076930736747258e-01 1.143059361381426609e-01 1.162131912525101729e-01
5.357189965438369228e-02 4.814348500218668114e-02 4.747288909020674907e-02 2.180669022795567180e-02 6.173313299996552317e-02 6.899844494246454296e-02 4.813059231420346862e-02 3.296461050312293750e-02 7.395885765868648321e-02 6.794516297874042543e-02 5.401515012652846615e-02 6.478189440615000905e-02 5.484360016186817788e-02 5.921741356050214122e-02 7.002338918225414766e-02 7.563619584574876598e-02 8.542996302683558696e-02 7.931210699843016521e-02 9.162584371644300063e-02 8.486060858783561756e-02 1.070931901586718027e-01 1.127586844479946393e-01 1.039690100156351882e-01 1.191966612570340978e-01 1.135950461648298493e-01 1.141569779708384580e-01 1.191809838901536356e-01 1.074753793132756652e-01 1.139123408105668922e-01 1.186846562319774367e-01
5.381717399138996605e-02 4.800734925919480922e-02 4.731340716359833110e-02 2.174966667815425581e-02 6.166684535853739213e-02 6.827096634108253959e-02 4.754906654826229762e-02 3.277642861459550971e-02 7.362166692263283352e-02 6.737586712131360400e-02 5.501485135669681448e-02 6.483267239023815520e-02 5.513442258240552896e-02 5.865098738503471409e-02 6.980207315301156790e-02 7.575388119800696707e-02 8.588705403663210447e-02 7.997639202251538570e-02 9.152298748438414400e-02 8.450207086035588233e-02 1.081129318448419419e-01 1.133949947735111152e-01 1.032400560388362365e-01 1.189962240485329392e-01 1.144684284044852340e-01 1.138635391175824019e-01 1.188847085204527421e-01 1.085443236446539395e-01 1.142671527811445209e-01 1.185511868674744562e-01
5.472509572710837489e-02 4.723603287340383261e-02 4.761793638619926661e-02 2.270549064225257929e-02 6.275584226794772569e-02 6.854177885046186525e-02 4.723321842015271166e-02 3.421911030919222441e-02 7.370563371650362683e-02 6.744259545616460017e-02 5.534298936982429140e-02 6.503589607332815881e-02 5.658773161782604255e-02 6.031065117740430637e-02 7.146170507765181590e-02 7.725139690902471656e-02 8.454753626103062025e-02 8.077844310579562759e-02 9.321254420674440766e-02 8.542173238606842745e-02 1.060408064863884725e-01 1.139999531123374599e-01 1.044010051475070533e-01 1.201688831498763932e-01 1.150805160673997740e-01 1.154232328505786498e-01 1.201932474354208136e-01 1.096420564555209420e-01 1.149952170890178316e-01 1.184702219510354038e-01
5.323470810252750596e-02 4.760709663722795248e-02 4.704342010539708241e-02 2.114968746320800008e-02 6.167611251500937364e-02 6.819640361341150481e-02 4.738580696118432911e-02 3.249634685640612197e-02 7.289545022385501838e-02 6.642248176887144417e-02 5.313728350151292190e-02 6.377834223825518123e-02 5.514194555538676212e-02 5.861058267595598004e-02 6.916067277629478482e-02 7.516777722822620689e-02 8.453591152833306310e-02 7.903582077256254834e-02 9.061297072091578642e-02 8.465097066499405187e-02 1.062390760799927225e-01 1.127089352462136151e-01 1.032156060741347137e-01 1.186880701180794695e-01 1.140329183984083450e-01 1.129241750757694618e-01 1.181194798505462717e-01 1.073430141574645003e-01 1.136467648236083594e-01 1.177184551327814521e-01
5.398342586510529451e-02 4.784314944149414828e-02 4.738692954479573061e-02 2.159407742304941813e-02 6.171029261031590885e-02 6.846457672619088441e-02 4.766223704639838132e-02 3.277612392866458002e-02 7.312359939542134590e-02 6.678144772834415654e-02 5.442291840362623034e-02 6.448679358322317867e-02 5.571458134833684461e-02 5.902917990352896105e-02 6.989472187145628901e-02 7.566860727558100130e-02 8.453450113797522647e-02 7.951482563011369464e-02 9.164802930979920603e-02 8.461068958391004813e-02 1.071170202216715772e-01 1.141698131632749025e-01 1.029322066894058363e-01 1.192308933557466588e-01 1.151112870883421735e-01 1.136459521512456217e-01 1.194626837131209651e-01 1.079785758369213866e-01 1.134369468078686438e-01 1.181144802405207361e-01
5.492517953354547622e-02 4.798067426363217258e-02 4.772250850836146085e-02 2.213307289882315843e-02 6.265224949918302144e-02 6.839508987614961733e-02 4.751168736823818683e-02 3.345449901345731725e-02 7.336838735584749749e-02 6.719745451062708597e-02 5.542598844848556361e-02 6.505345711579191281e-02 5.658124167415534700e-02 5.989286224609902121e-02 7.106295163943987525e-02 7.707362795840744241e-02 8.495580775658240213e-02 8.052817667186329409e-02 9.330317060050741240e-02 8.559347821054363870e-02 1.067409471748330674e-01 1.144150009547886260e-01 1.037115878312553363e-01 1.207490256250562943e-01 1.154907382607934796e-01 1.151220302958511077e-01 1.207063265252368289e-01 1.082415786352288745e-01 1.148172369927913383e-01 1.175881136080865197e-01
5.355080826381986014e-02 4.745984758322152608e-02 4.682563221795166264e-02 2.140015655368499026e-02 6.163846574961784341e-02 6.828868880496252736e-02 4.729609674889045934e-02 3.249732641153491031e-02 7.297423381999501579e-02 6.680969152055649118e-02 5.348282467279497077e-02 6.439205318563878677e-02 5.525943434683222577e-02 5.869304479007331210e-02 6.987345235191355641e-02 7.589492926507102055e-02 8.518375116622101118e-02 7.993156031008563644e-02 9.145894281731714592e-02 8.440433115369638806e-02 1.071167787574776042e-01 1.126651952467112583e-01 1.027569745821026448e-01 1.191949105528833375e-01 1.136395685008646517e-01 1.138447921682559372e-01 1.192218777909170857e-01 1.071487893299267746e-01 1.139346676691421756e-01 1.181921924437139282e-01
5.388235126179163892e-02 4.793832941173903350e-02 4.762335483858848306e-02 2.173130845099069397e-02 6.208557438482587010e-02 6.831588499748586507e-02 4.790068727532248438e-02 3.300934610248473788e-02 7.381114678932587658e-02 6.668692591962677163e-02 5.508166571821271340e-02 6.420381166915811733e-02 5.591500575967200959e-02 5.933624353831157272e-02 7.123484097936705339e-02 7.661753704644702623e-02 8.533537110521138835e-02 8.003621161932006345e-02 9.279689820154812807e-02 8.513683122527826441e-02 1.076315988495477605e-01 1.141449936053249292e-01 1.027816260903358092e-01 1.202149118646254067e-01 1.155991601408548064e-01 1.148589364875021168e-01 1.201621843010334256e-01 1.073443860630085567e-01 1.145141323689100599e-01 1.191392835371027914e-01
5.383217856731481454e-02 4.773464710217645290e-02 4.708603388747789609e-02 2.146635279838426946e-02 6.153009617201288250e-02 6.834514432737637257e-02 4.756261843389597566e-02 3.286745970891979951e-02 7.354363970523092320e-02 6.648567876633038054e-02 5.402418076477566444e-02 6.448858919662114886e-02 5.558519177649889897e-02 5.946110269038440421e-02 7.050980360278868986e-02 7.644976036252870699e-02 8.551556862471421105e-02 7.983726087759457357e-02 9.248088609172522290e-02 8.493607328768781883e-02 1.061272198145724044e-01 1.140933093960607714e-01 1.032186016679816909e-01 1.201438020924148198e-01 1.155863549523286071e-01 1.146247334008507757e-01 1.205118963456814907e-01 1.079765778611847526e-01 1.138761213670205219e-01 1.179521458841881199e-01
5.339659281672526348e-02 4.762760269558485859e-02 4.726820454736135879e-02 2.203131146036318988e-02 6.164138222556347912e-02 6.829733392346915011e-02 4.777272451630865113e-02 3.330409228764530383e-02 7.354763489025550882e-02 6.739407366758309870e-02 5.406190759487894404e-02 6.474163456098191993e-02 5.583096061099834806e-02 5.940864303986415074e-02 7.031084733355519312e-02 7.586263230611556274e-02 8.552522159856490447e-02 7.971876641038289080e-02 9.224420532026122999e-02 8.540763216942370839e-02 1.059207499125851548e-01 1.134054667853869880e-01 1.036364334336183912e-01 1.193091261662027058e-01 1.149343920534435792e-01 1.143257094366256776e-01 1.195020410026839119e-01 1.081744181018400308e-01 1.136820213917588696e-01 1.191438996169211784e-01
5.366262034401603209e-02 4.832192194652584760e-02 4.777065385402989861e-02 2.186741515055734553e-02 6.202180057041739580e-02 6.852576479028904544e-02 4.760306615749976267e-02 3.319276354721845124e-02 7.380776571861913382e-02 6.773305947219476764e-02 5.370823549947001396e-02 6.491795773808539671e-02 5.495031558960294937e-02 5.950980483717405178e-02 6.943865205735555435e-02 7.519847602396811936e-02 8.497625421360543996e-02 7.948001275510785391e-02 9.074649695753911338e-02 8.553950690186917782e-02 1.068011225145117926e-01 1.133486749976500008e-01 1.036644221280429434e-01 1.189258944967825915e-01 1.145967742591087468e-01 1.146874113062197331e-01 1.183725300449081086e-01 1.085774623302278030e-01 1.130887361233223753e-01 1.191937086386403166e-01
5.384872547271868370e-02 4.816042732436542906e-02 4.698842743981956893e-02 2.140238690945039934e-02 6.182870448619093295e-02 6.783557350788416151e-02 4.767486402223797270e-02 3.298933608324960964e-02 7.357522174195096909e-02 6.628574296351819051e-02 5.401082396381995387e-02 6.407429606754466711e-02 5.503710911916104287e-02 5.916525430546371034e-02 6.992698220331905468e-02 7.521707601215399386e-02 8.476589248056232151e-02 7.941492452748377673e-02 9.155120862167054341e-02 8.472527995952128244e-02 1.060956683343252660e-01 1.135255517329363251e-01 1.027448668570121182e-01 1.188540141888516644e-01 1.146130880845972477e-01 1.150352745932459175e-01 1.192238040038620106e-01 1.073682860630718050e-01 1.135976737732062869e-01 1.189637156603624568e-01
5.435093581311156719e-02 4.774124550258651567e-02 4.804857135760731701e-02 2.213570177371515513e-02 6.270298383925076990e-02 6.803053009100001880e-02 4.766219090292422855e-02 3.349278456708515428e-02 7.365135159055502534e-02 6.712541347874534381e-02 5.530875360309761568e-02 6.485803541989998422e-02 5.624492717001716713e-02 5.993063575196333481e-02 7.166763539927112348e-02 7.728904855524953987e-02 8.442378410716289139e-02 8.019105216168420647e-02 9.361683511919971501e-02 8.671312969099309598e-02 1.065392825980788771e-01 1.138356207984108082e-01 1.049872307193915333e-01 1.207561479082777112e-01 1.149540654500382786e-01 1.164048219439877130e-01 1.213264130933804363e-01 1.098406578186648108e-01 1.156062159855801852e-01 1.185554411024249966e-01
5.411697142347859923e-02 4.826744153342965582e-02 4.806719185660712768e-02 2.192096041153646091e-02 6.233122897349074876e-02 6.856164603166292615e-02 4.763945646042500037e-02 3.295462264832638155e-02 7.385297857145012301e-02 6.707629666493652998e-02 5.490043502308061818e-02 6.506676943134626079e-02 5.586394697868213299e-02 5.888128124998082136e-02 7.042680738557494102e-02 7.645898380581961362e-02 8.514536102066116996e-02 7.925384744668528825e-02 9.242907972290725915e-02 8.499768788290196220e-02 1.066168167609018447e-01 1.135648301570886254e-01 1.031607546682082877e-01 1.193936897325342805e-01 1.150938075896179580e-01 1.148378178805502525e-01 1.199939150854676395e-01 1.078590432165236201e-01 1.136357010274531287e-01 1.184955727992345054e-01
5.424636155257367420e-02 4.814961099550907342e-02 4.807386573285121756e-02 2.252974233614390975e-02 6.244824918356117749e-02 6.875579846419332952e-02 4.730474196286271749e-02 3.414237943441333911e-02 7.397432180864083051e-02 6.749357139676637196e-02 5.537314249707581126e-02 6.497751335565293829e-02 5.628194233252603595e-02 6.034550619325007581e-02 7.137755864224715197e-02 7.722834064443317992e-02 8.476605184398433579e-02 7.930208884048561835e-02 9.350613338937963093e-02 8.718097518785339339e-02 1.069052616231551678e-01 1.141554160478583935e-01 1.049106986563774768e-01 1.211076056812911972e-01 1.153897381083510698e-01 1.153963380437050823e-01 1.207526855463973980e-01 1.094151287034745845e-01 1.134465513465545694e-01 1.201019223940740233e-01
5.414625632700809099e-02 4.875987477562326866e-02 4.730650257279656046e-02 2.179890672288342657e-02 6.228116187360410727e-02 6.884019773603333725e-02 4.822662699534019382e-02 3.292023911717945062e-02 7.342551292383103778e-02 6.694455887680250683e-02 5.476104756375854699e-02 6.446044855314170263e-02 5.548470265253802047e-02 5.930896486612402541e-02 7.050905888616276762e-02 7.645749793247325066e-02 8.480344403658990338e-02 8.021619840897309395e-02 9.196392658210639226e-02 8.540954466417116642e-02 1.071805611870193520e-01 1.143030963529763078e-01 1.028035546211951701e-01 1.202687421670731727e-01 1.154193227569662028e-01 1.153134676410030313e-01 1.198452334277260167e-01 1.070231410572335395e-01 1.138806543098802582e-01 1.187401932369380742e-01
5.403899882229312723e-02 4.756212715039320749e-02 4.765201649579076104e-02 2.158057309164163051e-02 6.199131087903353432e-02 6.851453595274059616e-02 4.741282189638162947e-02 3.270812625706454035e-02 7.324428035961116912e-02 6.695139473700284505e-02 5.424039614438824763e-02 6.446126003938723592e-02 5.568107843422009928e-02 5.920150281322777985e-02 7.028822690957681196e-02 7.645944879753674428e-02 8.466676508834214410e-02 7.913104491817790631e-02 9.200916548095827707e-02 8.487583532717302148e-02 1.060630983443393571e-01 1.139969766956201447e-01 1.026530109611996089e-01 1.197388304045081675e-01 1.155562285145357304e-01 1.147647703216749804e-01 1.189917067972718900e-01 1.072112750533595893e-01 1.132752732615789348e-01 1.184455832383646268e-01
5.381188213864751546e-02 4.737874419327736675e-02 4.705609841879265787e-02 2.154453971271896862e-02 6.203718644107847346e-02 6.852871665292892267e-02 4.754630184183339381e-02 3.268974564540294558e-02 7.344565936499725112e-02 6.693118202331427291e-02 5.441722296783368940e-02 6.451369704405340855e-02 5.575483252853130622e-02 5.937804964993254053e-02 7.054428662538003714e-02 7.598113358453173483e-02 8.546271756976686618e-02 8.022207930790981045e-02 9.223229907312635589e-02 8.440350003017593750e-02 1.072044388526540715e-01 1.132806185091872475e-01 1.024009037431119484e-01 1.198542248878493588e-01 1.143388122040931432e-01 1.147866214456747525e-01 1.199191129193599714e-01 1.072256025176261396e-01 1.145679363335267986e-01 1.184509696890561070e-01
5.370971478680153233e-02 4.773205729400253894e-02 4.697897904858727713e-02 2.163934237745412936e-02 6.181077472016172081e-02 6.824723490260264924e-02 4.708567965955645640e-02 3.249260624330951863e-02 7.327960078866824212e-02 6.706077832194479171e-02 5.363004869978227340e-02 6.379290527120717869e-02 5.474324163328958548e-02 5.862308866102416971e-02 6.994012763465295990e-02 7.532193962290456568e-02 8.444132565477113772e-02 7.917404318794729612e-02 9.175908348775974055e-02 8.343127388678528433e-02 1.065681407671841274e-01 1.129588478361212012e-01 1.007662756434697382e-01 1.192968698312131259e-01 1.142579395126497310e-01 1.135020913150688315e-01 1.197849859644060100e-01 1.057069800912959767e-01 1.128305589340761195e-01 1.180944695985204351e-01
5.369798587943930279e-02 4.695474727081849764e-02 4.669018033820426794e-02 2.092369395882265337e-02 6.197881782570457965e-02 6.786567646133812026e-02 4.679591337048161215e-02 3.226789337401125835e-02 7.302484831952904543e-02 6.605733248275447167e-02 5.375940680638602309e-02 6.389427654680979174e-02 5.492785050953985504e-02 5.817149710177194066e-02 6.975828968400921148e-02 7.466091203412705823e-02 8.444836789153087331e-02 7.921646233863421926e-02 9.093236123674897087e-02 8.384797886523198684e-02 1.062098904890897977e-01 1.137635371942644635e-01 1.018121245164436139e-01 1.182663697936505720e-01 1.146012872723922715e-01 1.151779601039197853e-01 1.188271169671133443e-01 1.070677218868822944e-01 1.127250886205153346e-01 1.179403598792210239e-01
5.411663109199382760e-02 4.729322813094549716e-02 4.739286710247836432e-02 2.160135223456327580e-02 6.223524019208115377e-02 6.833168127120603508e-02 4.758524517480866578e-02 3.252532050572587430e-02 7.304682522147576407e-02 6.701606717582575534e-02 5.521812477230447769e-02 6.523661289385729312e-02 5.626823429136185162e-02 5.811466916014818018e-02 7.042076112115758235e-02 7.675751539616881836e-02 8.535617827453467754e-02 7.984900800259175924e-02 9.240852623416873080e-02 8.412531243030940686e-02 1.071075480941274805e-01 1.140811917786337393e-01 1.020143318821926659e-01 1.205211320059464963e-01 1.151840563181378840e-01 1.141924803734126748e-01 1.202242693572532772e-01 1.066773920290837729e-01 1.138889577093167293e-01 1.184189934752724049e-01
5.360553901010378652e-02 4.696524833632476081e-02 4.669111789704216697e-02 2.129575878864509164e-02 6.151440020788689900e-02 6.783644052610893205e-02 4.671873145722305054e-02 3.226260527212154727e-02 7.249429275265928396e-02 6.621888434073719409e-02 5.381257455421839531e-02 6.352108067784834056e-02 5.540801013325058477e-02 5.835863538891250535e-02 6.974882064200893517e-02 7.536957044526770844e-02 8.500272504474648549e-02 7.990651700870476937e-02 9.170391728255955499e-02 8.556268142531431309e-02 1.073561141802976682e-01 1.129531022066270207e-01 1.041174595344216414e-01 1.189219430401262656e-01 1.144646850847710340e-01 1.138798277874566445e-01 1.193067390562012609e-01 1.084493884169084321e-01 1.138136868198929008e-01 1.175334160869343503e-01
5.437491400323257729e-02 4.825354745456622574e-02 4.774577567846693960e-02 2.141969258614873084e-02 6.292375027388308339e-02 6.883233171210956236e-02 4.711133657557331489e-02 3.324969805182909077e-02 7.413611978232337307e-02 6.700820010900709889e-02 5.444326246390440716e-02 6.452428826620759672e-02 5.582163144933982579e-02 5.901772607145638894e-02 7.029041424259929727e-02 7.622296347108981074e-02 8.476536888854968588e-02 7.911201750019136725e-02 9.215868245270586456e-02 8.461384496402080124e-02 1.064601809839140767e-01 1.141830538925376892e-01 1.026518886427065791e-01 1.198681749387751072e-01 1.155990759983880345e-01 1.145457723011100715e-01 1.199123387687817122e-01 1.070915631668123424e-01 1.134420154041568818e-01 1.174952150502670545e-01
5.397691510130253612e-02 4.831930402037132311e-02 4.745720857138002735e-02 2.155152038795482561e-02 6.202962536994904852e-02 6.893472261797550793e-02 4.766448480662743847e-02 3.282402694434516377e-02 7.360196802618412804e-02 6.737951846830858571e-02 5.470889467505224424e-02 6.495803670483257797e-02 5.607872066563190927e-02 5.913397928551922256e-02 7.071112498303566696e-02 7.665752301905914834e-02 8.443238611574832575e-02 8.010953663976105865e-02 9.255023413868013193e-02 8.274428888522722403e-02 1.069738878155397366e-01 1.137386158496229704e-01 1.009241932255715568e-01 1.208131241246657162e-01 1.152096449718162940e-01 1.147386442583471222e-01 1.200353323247529413e-01 1.058448084641345766e-01 1.143437676220018240e-01 1.182886957476196876e-01
5.405012116460139460e-02 4.812077806337966557e-02 4.704894403678250292e-02 2.147783361880173381e-02 6.181709150850211998e-02 6.841661720641289968e-02 4.695771480893351502e-02 3.331081678372327382e-02 7.345539681527890608e-02 6.696746955420884717e-02 5.344154340119477986e-02 6.400775778574741004e-02 5.474520690409834245e-02 5.941228980294921413e-02 6.934178188647943664e-02 7.518003395651251530e-02 8.420438377122074769e-02 7.881503580736648473e-02 9.041119831164157183e-02 8.484465076022695840e-02 1.059524619107539145e-01 1.130649121766307275e-01 1.028017396548539519e-01 1.184922043243357148e-01 1.140548259913742868e-01 1.135900960540912052e-01 1.183837020547575669e-01 1.076329109603522127e-01 1.129393893693155793e-01 1.178609757390236545e-01
5.433090259090800345e-02 4.849159816872528062e-02 4.730943737709703001e-02 2.197717287223577287e-02 6.239034653098607386e-02 6.851505036634453205e-02 4.776110879136452603e-02 3.280881869945484475e-02 7.379458520499304619e-02 6.755745293551074226e-02 5.461785759900594783e-02 6.499843897811574678e-02 5.568434404617539357e-02 5.926471317487047585e-02 7.041368120165936162e-02 7.628487371450942689e-02 8.421416378291923799e-02 7.958351481853309650e-02 9.217352211881402191e-02 8.441850304583242703e-02 1.063014055473214814e-01 1.131686722129718881e-01 1.022525841874497576e-01 1.190670538293547853e-01 1.138364192290393095e-01 1.151515195809260650e-01 1.199346088340274008e-01 1.071731920591354470e-01 1.135250836082644099e-01 1.183774151135650321e-01
5.441256396694327258e-02 4.779321364158284347e-02 4.757963956090538460e-02 2.175845722565705742e-02 6.221467721425000263e-02 6.850829761592325262e-02 4.778753362318188813e-02 3.313379218073975174e-02 7.355308676256200329e-02 6.715516856906300625e-02 5.425917554745951499e-02 6.479836765004010068e-02 5.508303527373792363e-02 5.910120945868269082e-02 6.991378700900119370e-02 7.588912470752395834e-02 8.468030095921030842e-02 8.015887658803633187e-02 9.191942174493017426e-02 8.463198937884097717e-02 1.075776462369666397e-01 1.132112849649171693e-01 1.030124122763420580e-01 1.191603317404033024e-01 1.143603097818908232e-01 1.142143112080633571e-01 1.193480903441184182e-01 1.082632050932763601e-01 1.150275987289928192e-01 1.181013396994032849e-01
5.451080535549768236e-02 4.862945689680731043e-02 4.809422499949267404e-02 2.300399916392037447e-02 6.290312572281675507e-02 6.893470152325975597e-02 4.804921101062342714e-02 3.420781638828418458e-02 7.419363680419377438e-02 6.744548121984617062e-02 5.486384900927632202e-02 6.523540268919569840e-02 5.674904360291765926e-02 6.020449753957235473e-02 7.153688480357378587e-02 7.685587598630605477e-02 8.582913576044881587e-02 8.026492830070375284e-02 9.255520537256911595e-02 8.640923983964166055e-02 1.067448709587635047e-01 1.151442844004868515e-01 1.049426030946476462e-01 1.200358177426743556e-01 1.161862728259315247e-01 1.159994420529448789e-01 1.209878379766391454e-01 1.095474394718742861e-01 1.152449357727740598e-01 1.187407965327047510e-01
5.397938090389864385e-02 4.767358709786306825e-02 4.707291052779405405e-02 2.113012188284257853e-02 6.186785625640234265e-02 6.856177017717901556e-02 4.758309624447010222e-02 3.232875176647187487e-02 7.328988698945715363e-02 6.666751230648704230e-02 5.327965711035509422e-02 6.386985683409585057e-02 5.472278308549705095e-02 5.850226446588302487e-02 7.001395841669921793e-02 7.556199512025241205e-02 8.513070953086665504e-02 7.848193177176554514e-02 9.156730731117179722e-02 8.449552204221499885e-02 1.058292535197957740e-01 1.127096372430429483e-01 1.026983574116111519e-01 1.194532096866240956e-01 1.138656752461852939e-01 1.132370004591503054e-01 1.195688153157679068e-01 1.069586044104933187e-01 1.123746856596321564e-01 1.175371039281145613e-01
5.387611018430504828e-02 4.774825054740050589e-02 4.739022358311340000e-02 2.180836505333338948e-02 6.179522485986810310e-02 6.838010226855040230e-02 4.742170863648165202e-02 3.342510686048805191e-02 7.376623186041952884e-02 6.704153086382547144e-02 5.442045100857328954e-02 6.445510891964056910e-02 5.582027538107303677e-02 5.962184943586135155e-02 7.059110743766616736e-02 7.661447421195455298e-02 8.464881517495470575e-02 8.010021727468052966e-02 9.241159916031604915e-02 8.632097593606702368e-02 1.056020709291765058e-01 1.137193642684712902e-01 1.035365636267273626e-01 1.199299253820047539e-01 1.150173951668738148e-01 1.141662837138803788e-01 1.196755540934399953e-01 1.081195062515012406e-01 1.136593496878217646e-01 1.176126451364376546e-01
5.402821486991293831e-02 4.770558872712693521e-02 4.728979601762972607e-02 2.174141323445066831e-02 6.232453628258949330e-02 6.831012432699434811e-02 4.733253924622515818e-02 3.310585580355840385e-02 7.344747395573070214e-02 6.680863080074939120e-02 5.435165657504970049e-02 6.427508619642785526e-02 5.543027649075393803e-02 5.903813910275301780e-02 7.024292631222861516e-02 7.605360994407051045e-02 8.517497540095964048e-02 7.965598274519392064e-02 9.164457014875249108e-02 8.522463857901363404e-02 1.072990937957749580e-01 1.130687800624972095e-01 1.033045249169355362e-01 1.196857172775673828e-01 1.145391362624952336e-01 1.131089473845983129e-01 1.196022737906066169e-01 1.076880138351734573e-01 1.132006304122610274e-01 1.182655487596944166e-01
5.482723541443923487e-02 4.762955353168285555e-02 4.748166257774300014e-02 2.171037340594672571e-02 6.270176946100258775e-02 6.847758649221424854e-02 4.742561488772545353e-02 3.347037421950527225e-02 7.321910050800473080e-02 6.759301574437426297e-02 5.427847304402311224e-02 6.441852325681018954e-02 5.549146034889540502e-02 5.951593051013936986e-02 7.042317221201765953e-02 7.618638237203234631e-02 8.462392171545296549e-02 7.856350690887103916e-02 9.210619325333890828e-02 8.519799489389501268e-02 1.060718190545970607e-01 1.129229420178878840e-01 1.037755401534303790e-01 1.199078390974297470e-01 1.137015563922740835e-01 1.140009878665886323e-01 1.188909268823257204e-01 1.077775150052946440e-01 1.117460127072305021e-01 1.190410912216905981e-01
5.384364427730381486e-02 4.829172193753050735e-02 4.749919229606414106e-02 2.265044299088536661e-02 6.186139830902770420e-02 6.869567864022130266e-02 4.830741218021805672e-02 3.460971496363529631e-02 7.382956074654489775e-02 6.799412961657980148e-02 5.558904000539643953e-02 6.562461343265058034e-02 5.717436198932102087e-02 6.111375131365037738e-02 7.162197465225750292e-02 7.725701068581791731e-02 8.502075317665092058e-02 8.135380252802937306e-02 9.286512335164931464e-02 8.644600724652118373e-02 1.073940022109785009e-01 1.144492628770765741e-01 1.044766559991525678e-01 1.204886095479191788e-01 1.158127504315100698e-01 1.161741093714483419e-01 1.206606073296705439e-01 1.092274878212509126e-01 1.146584357243833896e-01 1.181143353321003620e-01
5.390659010832687947e-02 4.791267249740882583e-02 4.751641856189636748e-02 2.191576741565937070e-02 6.205489901071770120e-02 6.858614914267469054e-02 4.697144968584310298e-02 3.325285510097830688e-02 7.391220060000613934e-02 6.805119428142791804e-02 5.495536895349717454e-02 6.489098151350014554e-02 5.664634746547703159e-02 5.942984413385032916e-02 7.145644628480907201e-02 7.709217674945212373e-02 8.495820445993951253e-02 7.966600471062146305e-02 9.265347861167994026e-02 8.497144201871487112e-02 1.066288183544175094e-01 1.153758952591810161e-01 1.028530237985971763e-01 1.203455569817941662e-01 1.161730740426922814e-01 1.148285844650172027e-01 1.209207174078454905e-01 1.074897281678139915e-01 1.136681221720285961e-01 1.188746817298209635e-01
5.408014289866325264e-02 4.755112734733835111e-02 4.712376754150682245e-02 2.136643724463227478e-02 6.211615828409566831e-02 6.800179616151424966e-02 4.665442455241453068e-02 3.253484504653214593e-02 7.334950609584844905e-02 6.674522392000103999e-02 5.329286890636475427e-02 6.423653223183256600e-02 5.494602118239866329e-02 5.876209731983195184e-02 6.982769523145648805e-02 7.542347870369114915e-02 8.496133464526223200e-02 7.937314340717116501e-02 9.152073574517372023e-02 8.350729613212060087e-02 1.052861112343408401e-01 1.136176593145807878e-01 1.020823214333699269e-01 1.189182380402895589e-01 1.152612647394284373e-01 1.138236426158774073e-01 1.194665078701386829e-01 1.073973850530269836e-01 1.135915557280295918e-01 1.190494471056207093e-01
5.357191692165619301e-02 4.869591481175405967e-02 4.746409674544338486e-02 2.185163261541434032e-02 6.148881094856184504e-02 6.915711212563313559e-02 4.835318141987787754e-02 3.315688910994207816e-02 7.361149757505325297e-02 6.735562409869966238e-02 5.393246697360454256e-02 6.500064519249626471e-02 5.574719020098473088e-02 5.944364122460665811e-02 6.988357922331078775e-02 7.614337245940183685e-02 8.504512993239510266e-02 8.006650902368517286e-02 9.229286837222128170e-02 8.496232089734734316e-02 1.077989139250292716e-01 1.135127491071605821e-01 1.027574046320758328e-01 1.199308387527817654e-01 1.144814410627081891e-01 1.149855480868182678e-01 1.193930160632041826e-01 1.076365405672425890e-01 1.142685209244309608e-01 1.188451700793220489e-01
5.421688301459148818e-02 4.784770850132802344e-02 4.744033125330759937e-02 2.129426846974147303e-02 6.201534887387949446e-02 6.857918011531838332e-02 4.737881983144220932e-02 3.250523605440291952e-02 7.341025300126835518e-02 6.716374012723069775e-02 5.336281117829710929e-02 6.406238968003696854e-02 5.512241248060933962e-02 5.865469995833216821e-02 6.950204934496317932e-02 7.497106736390812820e-02 8.391169233621464940e-02 8.036070576710874214e-02 9.098077083888767014e-02 8.482078744199905707e-02 1.066574896309995246e-01 1.137620417063847089e-01 1.026302014924365125e-01 1.189145589439335460e-01 1.149777289155973214e-01 1.137120111674689849e-01 1.188001195546315447e-01 1.073668144669617242e-01 1.144671168723847554e-01 1.178508488404104160e-01
5.390499859250463821e-02 4.769940025186358845e-02 4.685406715058770821e-02 2.146884337430376988e-02 6.200502755703762858e-02 6.759738144087035217e-02 4.770856076856300199e-02 3.260302666568293262e-02 7.289608315311091324e-02 6.628337390645278049e-02 5.372186188390060124e-02 6.415746237321728884e-02 5.550356108286602641e-02 5.905851151328533888e-02 6.986657927443484795e-02 7.542859284180347679e-02 8.521236832869627520e-02 7.883205358978795374e-02 9.164691076522379909e-02 8.492010592082843701e-02 1.070444313841625306e-01 1.133499187015976073e-01 1.028840992963386824e-01 1.190710985422913648e-01 1.144887436948365256e-01 1.136480200677110197e-01 1.197809400959188864e-01 1.079553592129482986e-01 1.126905153147541583e-01 1.185980978996159507e-01
5.432361680335251464e-02 4.845499193413393968e-02 4.759563536035882336e-02 2.152410069892418676e-02 6.206480091611910055e-02 6.925175249775405995e-02 4.775876685520485943e-02 3.265696710353438448e-02 7.362418101597034692e-02 6.745709527506082992e-02 5.464180517425165640e-02 6.497142521385024239e-02 5.557159292213253998e-02 5.899623409947363228e-02 6.974398227223277402e-02 7.589028562829414071e-02 8.533304712599831809e-02 7.944352318258363077e-02 9.172583454392535529e-02 8.499444132792510764e-02 1.078139800234958479e-01 1.136895904704011695e-01 1.027727140228307245e-01 1.192172666051329877e-01 1.148295499820060073e-01 1.134411015045659887e-01 1.196607598422081420e-01 1.063167793489934176e-01 1.134675505746995938e-01 1.186804330923822981e-01
5.419624206373163666e-02 4.817959204245103599e-02 4.784487179648877486e-02 2.233394026068502569e-02 6.218017765679806352e-02 6.855248728390073154e-02 4.810856912724137402e-02 3.384644290695226765e-02 7.417428674229054053e-02 6.753209666439929926e-02 5.483388312804660103e-02 6.587250019661983202e-02 5.643887555476001516e-02 6.040385525253921806e-02 7.051740666698314008e-02 7.645739180497757026e-02 8.571709540006966499e-02 7.964281397064798540e-02 9.288236599416355155e-02 8.520534690782932685e-02 1.087198499434951504e-01 1.144501296449260686e-01 1.038286727164476897e-01 1.201217844785813504e-01 1.155243203749036773e-01 1.147165121697457657e-01 1.200866226539492043e-01 1.084856788143313544e-01 1.137439873882410968e-01 1.192559319948269803e-01
5.332819941915478701e-02 4.793132767148300388e-02 4.700827441476751467e-02 2.182070102485766938e-02 6.143569926826497607e-02 6.828760004628020575e-02 4.792006692474570784e-02 3.286869374518408549e-02 7.323053366419185473e-02 6.667987623270477116e-02 5.448765427103863246e-02 6.450419658668704592e-02 5.553220992798557631e-02 5.917461753133790303e-02 6.995197306254796743e-02 7.616880886388766037e-02 8.505135495795324019e-02 7.973171290102842867e-02 9.187542862861608484e-02 8.453380174730629193e-02 1.072326550089235386e-01 1.130556041145902579e-01 1.030272002896208683e-01 1.196040169631489292e-01 1.146382148546458701e-01 1.137898779395478677e-01 1.197398251708796657e-01 1.078303767077493092e-01 1.137933409011109287e-01 1.183768393159425614e-01
5.474002143181566638e-02 4.743429911063468118e-02 4.743061615510613116e-02 2.281170398354426254e-02 6.256192724793119275e-02 6.831755725608790186e-02 4.774052796072525418e-02 3.299702678111371412e-02 7.363555415772538026e-02 6.687010247693359055e-02 5.472490207785485339e-02 6.413283735312291789e-02 5.601892602142166666e-02 5.904314871235749607e-02 6.961714992287970638e-02 7.556553265794807572e-02 8.505537886581615581e-02 7.985337077211496215e-02 9.202447253705159369e-02 8.528014273133677214e-02 1.071571777624040767e-01 1.140897585819768967e-01 1.045576639353174020e-01 1.190661193049875610e-01 1.155128408855692346e-01 1.136146876147781093e-01 1.194787693388073002e-01 1.088371078205063736e-01 1.140811620697717021e-01 1.168951536222431198e-01
5.373816070624015673e-02 4.781146322954743511e-02 4.698961278298141586e-02 1.998442381425258318e-02 6.170458266814993209e-02 6.853083462323694697e-02 4.731953127401089532e-02 3.067946091116913188e-02 7.327478558769739969e-02 6.606105612671475669e-02 5.280713972251671606e-02 6.378820961082354302e-02 5.446567415066305706e-02 5.676860022472207667e-02 6.909579952397004732e-02 7.487363223632970133e-02 8.401823503605365673e-02 7.796717361959082382e-02 9.067051936576775439e-02 8.231778169375947307e-02 1.056323219211758868e-01 1.126884668775827159e-01 1.004895110868562202e-01 1.183567200694866095e-01 1.135994448355741593e-01 1.126674762435257993e-01 1.186581147252612212e-01 1.054700616399011359e-01 1.124087509326432421e-01 1.168409249243114179e-01
5.412990440244214163e-02 4.761665185495189689e-02 4.701204894304678028e-02 2.192549351869654828e-02 6.227140444982692813e-02 6.907364009310046349e-02 4.814508293667718597e-02 3.278594691517322524e-02 7.342717328955439271e-02 6.704407530943257143e-02 5.424475193233679882e-02 6.450455611509053888e-02 5.519733759824307917e-02 5.969223367627551902e-02 7.003600411816868210e-02 7.580787792035281747e-02 8.602298288768794876e-02 8.003332114887040660e-02 9.174006646621513106e-02 8.590061464794285229e-02 1.080633173924310242e-01 1.135567280709370852e-01 1.037451241499218746e-01 1.195064800123795123e-01 1.149986434992893436e-01 1.145188682067928010e-01 1.198634856939677640e-01 1.077456132118683740e-01 1.149400809964433723e-01 1.185016852727143188e-01
5.387204386456612148e-02 4.759297872436785148e-02 4.735271921710682008e-02 2.189637609556771558e-02 6.190103601614382889e-02 6.808895830993511034e-02 4.746136485046270614e-02 3.281064295216018500e-02 7.373816987493730934e-02 6.735630601471820356e-02 5.483868627810539742e-02 6.441171246769084036e-02 5.657025032589668712e-02 5.879331962249878529e-02 7.190834119750721953e-02 7.711714050550533273e-02 8.545805767401359887e-02 8.026577461372474964e-02 9.373834966999949891e-02 8.420909235016305061e-02 1.076336073505255175e-01 1.143265677688090065e-01 1.022384169672476695e-01 1.206489046931440434e-01 1.156087985828146980e-01 1.134362246181390699e-01 1.211422126932726329e-01 1.070619634480238780e-01 1.146822690912396858e-01 1.181530480806800565e-01
5.397513042909896086e-02 4.787811047733203651e-02 4.716512084480517508e-02 2.154364136703224020e-02 6.175400363718153152e-02 6.807591957734793198e-02 4.731111880432226080e-02 3.289792921397971526e-02 7.316427654288726323e-02 6.638234286442279419e-02 5.383095003930682410e-02 6.420131936662087924e-02 5.487465139711167339e-02 6.013613412078178122e-02 7.003797483058193940e-02 7.584605190973436883e-02 8.489334749354915388e-02 8.030434404442998719e-02 9.192492973332222483e-02 8.499546721497464041e-02 1.064914600258251021e-01 1.135742648905389007e-01 1.029406216610042613e-01 1.185283753482555547e-01 1.142752070146504373e-01 1.138917126328262697e-01 1.193867813711040338e-01 1.075388771250880282e-01 1.136598777705475349e-01 1.195610225035113050e-01
5.367749563751811337e-02 4.775069105669005332e-02 4.722472089099771786e-02 2.145379138450076439e-02 6.164025217331636775e-02 6.822327661137306265e-02 4.709715847359219332e-02 3.296585727889844719e-02 7.302552855850175106e-02 6.718296897633591058e-02 5.472049260401323778e-02 6.465307702896150310e-02 5.572158298782792230e-02 5.897371185112887382e-02 7.105459327530039282e-02 7.594941553075984508e-02 8.449858379269659103e-02 7.950320059503201975e-02 9.251948805407606002e-02 8.524680073398793745e-02 1.059272906517638724e-01 1.127807199968309249e-01 1.029520755117190323e-01 1.197600550394177787e-01 1.140553482995796397e-01 1.148737123225695989e-01 1.202231648011065079e-01 1.075364804933571783e-01 1.137035695038621785e-01 1.176642584557336946e-01
5.306257955133908411e-02 4.704630480875660048e-02 4.622291437421366389e-02 2.031734485248581912e-02 6.117424438841867484e-02 6.729757604318731268e-02 4.595080516799998627e-02 3.172754892581552966e-02 7.185944622404472071e-02 6.555944858631645999e-02 5.283313215497331683e-02 6.339208726098521929e-02 5.407208724468559602e-02 5.831932201016765127e-02 6.886283770006618177e-02 7.468581913501215475e-02 8.405943701582785366e-02 7.890077655675198365e-02 9.078629582579456070e-02 8.403020253013426810e-02 1.058584476978388089e-01 1.122208827360646755e-01 1.026611098103451525e-01 1.188045229357712618e-01 1.135536739583136168e-01 1.127801147285156791e-01 1.185625785989534720e-01 1.074295094797106387e-01 1.132650200753928527e-01 1.172597305874167883e-01
5.348332882602191418e-02 4.784968150220758609e-02 4.719106409978524042e-02 2.177602042120496684e-02 6.173961807130212698e-02 6.781463336725490620e-02 4.726822597287960726e-02 3.372085072961517049e-02 7.253375619406821073e-02 6.609654390957819814e-02 5.355518616920273978e-02 6.374511337985633297e-02 5.466308778148509795e-02 6.015516674912868567e-02 6.926166168526060041e-02 7.509367696687130334e-02 8.550847936014860373e-02 7.929257864823746615e-02 9.101336428118766975e-02 8.561499545580919524e-02 1.064683418397658343e-01 1.128804972160231124e-01 1.040764145579040623e-01 1.187042473557420319e-01 1.144651233534905721e-01 1.133453252611933415e-01 1.184067862312452313e-01 1.080634371039916886e-01 1.133494086586726013e-01 1.185688133921969367e-01
5.401971925910853400e-02 4.846153606840597483e-02 4.727333212440654187e-02 2.139308630063352368e-02 6.196229316748036453e-02 6.843159662452302783e-02 4.709368317323181508e-02 3.268486917950208515e-02 7.360313310984856194e-02 6.743858438037464431e-02 5.378540613150772920e-02 6.474203570385084205e-02 5.503790953292919674e-02 5.929418861457347312e-02 6.922266660733500387e-02 7.544803178219994244e-02 8.485993256207535751e-02 7.821362049759095214e-02 9.082788883530112933e-02 8.555570652860144953e-02 1.065878967566415980e-01 1.130007303223261594e-01 1.038950049594422609e-01 1.190403149542285099e-01 1.146475692031438953e-01 1.137489810011320657e-01 1.187311647291811045e-01 1.082345911721620535e-01 1.124679151051000137e-01 1.183263693576874775e-01
5.346981619871793434e-02 4.787279463855220740e-02 4.688868070345630912e-02 2.135836114263844898e-02 6.139761722249548193e-02 6.798045337292468737e-02 4.705222359245953001e-02 3.183992275065561373e-02 7.289741832880247685e-02 6.627439763047071608e-02 5.384760460644932856e-02 6.364267798048195424e-02 5.504208294108869914e-02 5.935726131579555087e-02 6.866676683549499671e-02 7.521570659511689350e-02 8.503455192493492021e-02 7.914448059609258124e-02 9.086863924711541252e-02 8.373938702753758179e-02 1.067316274588603342e-01 1.130180590166771637e-01 1.019342034393715402e-01 1.183424485134478843e-01 1.138891207484686863e-01 1.123138885971093348e-01 1.187231518573064193e-01 1.068586258384078835e-01 1.127598314366011767e-01 1.187670149638981876e-01
5.371124954128769780e-02 4.727350532025775820e-02 4.685676456888399066e-02 2.113438490058783259e-02 6.172223951736954817e-02 6.777406558406529058e-02 4.677499245912808412e-02 3.321432764282650218e-02 7.263853631611771888e-02 6.615056650547201933e-02 5.305892613322726881e-02 6.402001360261966312e-02 5.432978651059272579e-02 5.942306402288344280e-02 6.935210889024912007e-02 7.512217652859054517e-02 8.515531380633278857e-02 7.889275406691487191e-02 9.124186351133412032e-02 8.480270914427068263e-02 1.059371504596084979e-01 1.120910900388036868e-01 1.032632830124671219e-01 1.187888226604476571e-01 1.134761223085352100e-01 1.139204477869000254e-01 1.181744347273216977e-01 1.081355946987450078e-01 1.130762063277970242e-01 1.177591139175833135e-01
5.434141563609906633e-02 4.814134328702146526e-02 4.751862841469800536e-02 2.231991175532410665e-02 6.219842922790541628e-02 6.803294530641923465e-02 4.784943054383217209e-02 3.380139646664148678e-02 7.308543088219732198e-02 6.658888946995022984e-02 5.544181551602678226e-02 6.444795736443675871e-02 5.625696989139550297e-02 5.974728115744065704e-02 7.147648687678742618e-02 7.675582466079844401e-02 8.524912287844510494e-02 8.008857140524217044e-02 9.317790664899483488e-02 8.595005338403405304e-02 1.064736641863732736e-01 1.144215626529543339e-01 1.040861374983346188e-01 1.207431343166720517e-01 1.154362539642159735e-01 1.155566849164946230e-01 1.207642073120867021e-01 1.090486152265777164e-01 1.142772592538985332e-01 1.196319972133452758e-01
5.335556285630560502e-02 4.756706052292725140e-02 4.690967434828352545e-02 2.160349500742864137e-02 6.130297291209751975e-02 6.789767047716255277e-02 4.730595960413763734e-02 3.255850483260358530e-02 7.284698122955224342e-02 6.652318695507686286e-02 5.371383440153865152e-02 6.402684748201381559e-02 5.543654613793269625e-02 5.911980987961928946e-02 7.036718311698275663e-02 7.655402263991151202e-02 8.571516610457918794e-02 7.849215935014952628e-02 9.219184182806561267e-02 8.583828542150184759e-02 1.064387917424625130e-01 1.139740032079157306e-01 1.027131791550541795e-01 1.201375589547857281e-01 1.150387755342441309e-01 1.150629217653000858e-01 1.198636123415190990e-01 1.072934391652502484e-01 1.123416870755922226e-01 1.184179068568589344e-01
5.395446696707284495e-02 4.786849855483299443e-02 4.742326060164447910e-02 2.182819637971311622e-02 6.195938469211714761e-02 6.860109338584119421e-02 4.725175130996150941e-02 3.377666433004167246e-02 7.424872494829215519e-02 6.735596666794729792e-02 5.503707829798565321e-02 6.500111778506800775e-02 5.634454751070538947e-02 5.984625724886871723e-02 7.120546040444097891e-02 7.714858067819019283e-02 8.492832505317471359e-02 8.016030418351305364e-02 9.327772816314539028e-02 8.541289141244279293e-02 1.066955552660959761e-01 1.142800692560042020e-01 1.034601028472053041e-01 1.211528346730124106e-01 1.154876854947559650e-01 1.148549412432420258e-01 1.209607629175073473e-01 1.076787829601184576e-01 1.137992241913090563e-01 1.182961834330795714e-01
5.333334510954590435e-02 4.729306707914981978e-02 4.663819911288991094e-02 2.139105604335611588e-02 6.192200773803091529e-02 6.789993413454742388e-02 4.703331209378580624e-02 3.313230219403551224e-02 7.261455550827622396e-02 6.565503980391773631e-02 5.459948019083626924e-02 6.293467066476421401e-02 5.624310524470055306e-02 5.943958669291804497e-02 7.169741035694809916e-02 7.742662085732887611e-02 8.444805822838730158e-02 7.983293392056967086e-02 9.358486334250759597e-02 8.490065980198546747e-02 1.063487752558633925e-01 1.143398170928107138e-01 1.022885027548892101e-01 1.208298857886567212e-01 1.152638951024813618e-01 1.154878333348938746e-01 1.215316822911147732e-01 1.064594823287627889e-01 1.139832150277830802e-01 1.185123120797944019e-01
5.353667038039988668e-02 4.754661288751038661e-02 4.718894267667539388e-02 2.198994545296972802e-02 6.122235940060583026e-02 6.813742584912452216e-02 4.774629330249635650e-02 3.313119966286337537e-02 7.310984366884287766e-02 6.755493879048479755e-02 5.519407233243112110e-02 6.478064500862412700e-02 5.742981070309993719e-02 5.950906540000033829e-02 7.161471070957126095e-02 7.777011241859477231e-02 8.584562633090797590e-02 7.994242733777756627e-02 9.342122500277438846e-02 8.502375389229177571e-02 1.076930670801616863e-01 1.157976486681877581e-01 1.030035744877897397e-01 1.211540821660475054e-01 1.170451374291681113e-01 1.140415626477970790e-01 1.208124501946086227e-01 1.082437306245691566e-01 1.146637382975612685e-01 1.190950696053685309e-01
