7.641099601523171359e-02 7.202105369194589102e-02 6.986421459132019507e-02 8.581229353774633140e-02 6.982162361910848603e-02 6.419962457152950108e-02 6.323638567634759511e-02 7.873295161659132901e-02 5.410890164338999497e-02 5.099964516747190757e-02 5.607276653140802480e-02 4.624634608342637065e-02 4.851071250919325450e-02 6.843906590190940165e-02 4.601772457023933782e-02 3.342233734702082515e-02 3.851998927259048244e-02 4.295149563855549246e-02 3.132962493633861811e-02 5.774634045633231239e-02 3.484895968439527536e-02 1.577225609541876850e-02 6.036815179817223154e-02 3.393413574739678751e-02 1.910209857971345571e-02 5.379087931342763085e-02 4.527020799872971679e-02 6.033836924484115016e-02 4.473725378261406149e-02 5.309001435302151961e-02
7.600322719664198701e-02 7.193510430149752111e-02 7.018993176770882414e-02 8.578102881612226227e-02 7.013367312336127313e-02 6.423322523946550788e-02 6.297959736154989940e-02 7.916814065101274167e-02 5.409408656956005146e-02 5.102002586569165388e-02 5.797480109622688005e-02 4.616405114989019509e-02 4.827346327054415909e-02 6.915361431592215169e-02 4.599691989776966139e-02 3.363990162174568255e-02 3.811786635572289583e-02 4.300403870635260972e-02 3.183568670017855595e-02 5.754717490770211441e-02 3.460951566481451636e-02 1.573045803615036320e-02 5.952837265550092738e-02 3.345940369559885497e-02 1.905646353339385257e-02 5.413732331607556958e-02 4.521151293658620673e-02 5.983257926128970894e-02 4.459844830229142687e-02 5.339317407971400087e-02
7.693112383272682209e-02 7.229539355634040376e-02 7.054384096415766692e-02 8.645717145474884902e-02 7.037683322166943256e-02 6.513188820289839143e-02 6.333208974946069603e-02 8.032956585391337612e-02 5.427568269866123174e-02 5.139395465024554355e-02 5.751319462239079527e-02 4.631826809354633312e-02 4.861444938861891885e-02 6.824438090793494283e-02 4.620304037900702099e-02 3.395152855952821014e-02 3.881376108704381878e-02 4.368964899947069824e-02 3.199595816230527134e-02 5.774630510925771176e-02 3.555374585539805565e-02 1.635409526700026817e-02 5.989494529477479290e-02 3.509534722400831086e-02 1.969849673865864403e-02 5.372803275559379088e-02 4.585439543658287320e-02 6.026525662831749841e-02 4.531415306277741806e-02 5.367862167085357683e-02
7.590134187567576518e-02 7.229452182150364337e-02 6.923115961094028492e-02 8.486972408102788634e-02 7.029484840976563120e-02 6.509333825696028697e-02 6.249611019266110290e-02 7.885774818070911962e-02 5.482216207051582302e-02 5.077953402821711038e-02 5.709763914500909365e-02 4.590280012868941384e-02 4.849501845477632855e-02 6.851541104789538039e-02 4.578918290068578756e-02 3.352172928549501663e-02 3.785364241628030868e-02 4.309471680980037078e-02 3.142540876777033532e-02 5.766481949734014734e-02 3.415415187428916255e-02 1.582868465639508671e-02 5.994020319916071315e-02 3.401442094684314910e-02 1.901303964358103116e-02 5.444583257679225241e-02 4.530633855573640290e-02 6.027057603310392864e-02 4.470149685017421604e-02 5.254846592347339751e-02
7.595772465754224712e-02 7.174481734347448736e-02 6.920384724917738595e-02 8.483810484481413283e-02 6.999293446277299324e-02 6.462746284939946406e-02 6.323587228538452010e-02 7.863618794827997860e-02 5.410318653411172463e-02 5.097732219924688835e-02 5.622795306967676154e-02 4.587625891244284659e-02 4.817191627554118227e-02 6.841709401550355452e-02 4.610531834125053408e-02 3.370123623705634230e-02 3.863817972559280278e-02 4.299167147989413351e-02 3.151538493565730903e-02 5.840520259743753329e-02 3.524430041931525537e-02 1.606145532269831477e-02 6.032806027639070479e-02 3.448689751047728791e-02 1.936964969994781072e-02 5.324975979173984797e-02 4.595324198758499179e-02 6.054709600678132020e-02 4.496382917772656640e-02 5.323464126705124144e-02
7.628495721103689675e-02 7.089112202187086709e-02 7.037143035868487217e-02 8.551606560563040915e-02 7.064129111528627547e-02 6.463739806401758159e-02 6.281322180881288020e-02 7.900532052419695361e-02 5.517789464225941742e-02 5.051025978370882186e-02 5.760713261031025212e-02 4.579576644753791115e-02 4.775372357442408955e-02 6.780880149761348008e-02 4.579628343361585863e-02 3.340545538957462313e-02 3.815569545022823306e-02 4.283389554203553828e-02 3.125297544330241095e-02 5.748414766704534884e-02 3.466571680103847086e-02 1.545843961897386265e-02 5.993667808348579484e-02 3.321038138376453119e-02 1.883644886641944183e-02 5.377572056294299685e-02 4.488391572569794263e-02 6.052007839005346668e-02 4.467390340865717846e-02 5.279538488110979699e-02
7.669957802081617260e-02 7.193149750299188128e-02 6.926331779160044277e-02 8.422320381094916542e-02 7.090648769733931545e-02 6.439757537722812231e-02 6.345669811919085745e-02 7.829222174280525692e-02 5.428469122052970164e-02 5.118660661980234394e-02 5.661859391227874738e-02 4.558810612989816491e-02 4.773156105779596814e-02 6.813880170856601026e-02 4.596597126273671563e-02 3.362598130028526811e-02 3.834829662323446797e-02 4.323096294104322723e-02 3.125399315285859458e-02 5.769439241508189653e-02 3.523798324241500524e-02 1.583814762369639695e-02 5.965944049620430789e-02 3.346618964788028450e-02 1.908235150677795033e-02 5.355164770399145624e-02 4.504912179708320252e-02 6.057205415112987268e-02 4.473732114782924540e-02 5.367411315545655981e-02
7.661466848352649350e-02 7.227136566241476601e-02 6.964322914457188318e-02 8.626903032612309730e-02 7.109360853796253821e-02 6.502499970660036155e-02 6.350871195757967769e-02 7.943036126181368672e-02 5.487530186796840681e-02 5.116335511500302857e-02 5.665260871384347752e-02 4.665180046668560010e-02 4.806172352394444403e-02 6.930823897391880095e-02 4.607743416363385691e-02 3.388013264319100770e-02 3.931299574799007601e-02 4.355219156958778370e-02 3.195664663314756737e-02 5.845064875704464313e-02 3.549261669697578725e-02 1.640057522927840239e-02 5.988969676049649138e-02 3.427707537146895689e-02 1.977514177012240637e-02 5.456435565308392910e-02 4.594548025995859319e-02 6.026088515721639283e-02 4.517332740502366661e-02 5.402858358642870229e-02
7.633594898211448765e-02 7.119151786130162307e-02 6.957177309919249097e-02 8.414850998735889931e-02 7.073002875433509473e-02 6.374870062717352681e-02 6.188079009502533978e-02 7.740762559865332904e-02 5.386062925756540665e-02 5.047281673032699700e-02 5.524516244464061643e-02 4.547696398273393115e-02 4.669840765097665880e-02 6.728247966236233779e-02 4.463898329360960204e-02 3.239432674672526602e-02 3.722486121218349098e-02 4.227680664001276511e-02 3.080736803009331837e-02 5.694585476903046839e-02 3.384609010535832851e-02 1.549759669517758454e-02 5.921078837586746246e-02 3.358899516974567234e-02 1.894351306831554282e-02 5.333963037864375423e-02 4.472938953673466500e-02 5.981493603420817706e-02 4.413412122539961402e-02 5.206461131950135268e-02
7.630890598327644270e-02 7.238000795085586248e-02 7.001167582961942415e-02 8.574857010983283345e-02 7.024528060902168747e-02 6.469841767026629498e-02 6.369558206558600943e-02 7.969110614985375207e-02 5.413217940713854759e-02 5.138918905976952445e-02 5.708570075747676498e-02 4.620506148993808182e-02 4.867296161770662266e-02 6.850782744800198998e-02 4.599329564134624349e-02 3.358691210074127298e-02 3.831130038066321575e-02 4.300766552425372424e-02 3.109132465330821660e-02 5.755662938677730267e-02 3.458737624255858734e-02 1.578376669739567362e-02 5.961826007654780213e-02 3.348074537507983450e-02 1.912603202525087198e-02 5.345023949711036337e-02 4.535360453365866462e-02 6.006464567049762948e-02 4.433084564907696645e-02 5.260733085942037590e-02
7.675151782506528519e-02 7.204030918802617478e-02 6.988491102793537024e-02 8.521676176200720931e-02 7.007155559349342866e-02 6.469428836607526989e-02 6.302133146007538045e-02 7.847291778326637157e-02 5.403789478564391402e-02 5.112540188990877255e-02 5.668537522808669848e-02 4.585442174273390847e-02 4.772269632892855995e-02 6.772769439899395394e-02 4.542477092987384779e-02 3.313259662506728986e-02 3.806459484849167296e-02 4.250281811700862278e-02 3.121736721535217640e-02 5.627280361198483405e-02 3.434312312133425138e-02 1.544658432465606523e-02 5.836428439821617076e-02 3.342784632433426495e-02 1.873897595458817733e-02 5.338847239987343229e-02 4.485697772241437065e-02 5.959122973408748081e-02 4.399772737595641914e-02 5.242524406614590404e-02
7.559351067693897974e-02 7.301948643176414677e-02 6.982418691120795273e-02 8.611823263424689401e-02 6.939634847707409904e-02 6.583463105794296055e-02 6.332151542504904640e-02 7.922360972002673307e-02 5.359771843017480109e-02 5.094972131615671529e-02 5.650133135736012946e-02 4.616784924946903956e-02 4.795092102673592649e-02 6.834228175509915459e-02 4.527139483725672875e-02 3.317056410334995320e-02 3.834155212246281863e-02 4.358734055710833388e-02 3.126549436507941593e-02 5.720922842905862282e-02 3.468020313684494482e-02 1.591999162488644259e-02 5.979695323461164946e-02 3.439345005742255879e-02 1.932126358111707631e-02 5.383331019081527558e-02 4.500281059175703646e-02 5.986422708152794314e-02 4.478050718533754804e-02 5.286444776429899406e-02
7.632343035641353524e-02 7.163322981145858748e-02 6.994134264894036335e-02 8.520851077062951973e-02 6.971467566332334442e-02 6.384237351540811289e-02 6.343741914991207764e-02 7.857006418915002399e-02 5.382208217276263085e-02 5.111371116642704493e-02 5.593145212170069769e-02 4.580464507796122575e-02 4.755164577670134562e-02 6.794532473499836911e-02 4.549702000559330273e-02 3.319406658507650931e-02 3.837159287772795579e-02 4.286320897740392155e-02 3.095237606636702665e-02 5.715234509343547487e-02 3.466595612938450088e-02 1.547232749007054764e-02 5.935188447571393411e-02 3.385310934860674692e-02 1.882673521150746154e-02 5.360481281492823769e-02 4.549859022962943200e-02 6.002911264906662936e-02 4.440414768375644528e-02 5.310160293501420270e-02
7.653104872180405138e-02 7.268157587456780533e-02 6.989439939880659480e-02 8.565766496059978863e-02 7.015495780282332561e-02 6.521362420579412955e-02 6.338323602213336017e-02 7.918867740433954694e-02 5.486916121742968500e-02 5.139811781854852768e-02 5.607125449139127582e-02 4.607990174458409527e-02 4.836705047552491976e-02 6.861334630367510456e-02 4.609639497320427992e-02 3.354795930508913671e-02 3.832985552950995967e-02 4.267001250048396699e-02 3.131227040715511833e-02 5.788269748251329005e-02 3.479461411461048925e-02 1.604201576544550534e-02 6.044509800823671952e-02 3.389926892141437165e-02 1.925885358753065546e-02 5.368998205514019517e-02 4.485641284905961257e-02 6.058224849008997381e-02 4.554546970531436756e-02 5.309786048147335791e-02
7.672120704742857455e-02 7.282098112995738504e-02 7.025873743195321097e-02 8.516535986668261060e-02 7.119494663367076370e-02 6.490379564404902268e-02 6.347526810270576192e-02 7.933254916834053816e-02 5.556753127772484646e-02 5.148836872509621188e-02 5.732119348898967459e-02 4.643357849972673534e-02 4.898966044563834998e-02 6.866295356520790705e-02 4.599399881648924548e-02 3.388642756061610584e-02 3.884376702216174593e-02 4.375374395205389177e-02 3.201505245269897770e-02 5.812491642700079453e-02 3.574074963957674100e-02 1.664514750855472514e-02 6.020654403443570502e-02 3.493079047201375076e-02 2.002693817352740879e-02 5.442266802338835419e-02 4.614862217574566827e-02 6.039964721823620764e-02 4.543735067277898665e-02 5.404611344957643837e-02
7.560070127129048245e-02 7.156717336386009265e-02 6.923955879571463967e-02 8.475575911688437714e-02 6.967301126805436340e-02 6.357105837257925884e-02 6.251561530323668237e-02 7.894797761341587616e-02 5.351081588787343080e-02 5.008116001591567112e-02 5.672549932600290390e-02 4.539193634529326005e-02 4.814652335041103015e-02 6.740444555444158325e-02 4.492327202826995602e-02 3.271788540722031513e-02 3.740183808418517941e-02 4.285217008603936506e-02 3.109339398683808042e-02 5.658238318264263711e-02 3.392846562614160177e-02 1.536221750371158379e-02 5.846407481251603144e-02 3.314797784533940472e-02 1.878558556933018764e-02 5.353933802907517858e-02 4.458713871979913534e-02 5.901876030966279885e-02 4.465474260412793939e-02 5.218472057632261851e-02
7.516118204991473206e-02 7.200192097003155212e-02 6.938931583047747154e-02 8.418386941407973723e-02 6.866599661046413061e-02 6.466871249635719465e-02 6.287897226795413630e-02 8.006479300618618566e-02 5.453180655722311698e-02 5.151365393341000853e-02 5.649014154584586223e-02 4.561994046474415754e-02 4.810855918203449377e-02 6.845907613936130787e-02 4.575890893382617008e-02 3.329170782680224150e-02 3.834839310502147214e-02 4.282355901636192286e-02 3.111822587139023710e-02 5.732820085995848913e-02 3.465248042347335300e-02 1.581991526899440004e-02 5.919144634889716983e-02 3.349699513255632866e-02 1.904878131812060005e-02 5.360570273222675652e-02 4.497925277646253051e-02 5.982983331224334123e-02 4.434915295505481581e-02 5.284206050616413464e-02
7.665442193618687838e-02 7.307818306951530118e-02 7.082599650244247869e-02 8.531350673115056793e-02 7.051148251082484109e-02 6.622534021409531846e-02 6.394828917544570501e-02 7.904817835885502575e-02 5.534069093202953482e-02 5.289540228365874341e-02 5.725806015834278284e-02 4.708814899103686002e-02 4.883798732709410118e-02 6.947129732222823151e-02 4.658353919823454703e-02 3.423972900134719666e-02 3.903829873201880574e-02 4.382844025665644239e-02 3.186197264227175197e-02 5.882282731898991202e-02 3.549355295374523322e-02 1.638232598262190365e-02 6.089569799823291163e-02 3.498539569679337546e-02 1.973478967729835887e-02 5.444708976938494871e-02 4.566339541621733389e-02 6.125862216222177636e-02 4.569507473041367618e-02 5.453489602838423878e-02
7.707909403573509621e-02 7.202447153080093756e-02 6.983804235934298887e-02 8.508639936408846083e-02 7.019203287822772808e-02 6.466377342044227206e-02 6.326213203929142992e-02 7.930051245737379517e-02 5.368266213961225830e-02 5.158077065081601020e-02 5.635710570953378351e-02 4.602729187810039591e-02 4.797330136094846154e-02 6.905115994939192703e-02 4.509944581634517391e-02 3.310831197575225815e-02 3.771929727517342457e-02 4.285968368275172580e-02 3.113439195252398761e-02 5.753614520512861930e-02 3.407553423313780527e-02 1.582094002544076616e-02 5.919076914005660939e-02 3.368482300118147421e-02 1.913735839444807851e-02 5.324116476348983440e-02 4.452768735981038617e-02 5.980085424816961037e-02 4.499308902471721439e-02 5.273382260215964124e-02
7.667753673262689418e-02 7.178716122358519414e-02 6.985323940442489388e-02 8.545095571699423687e-02 7.053775482244795114e-02 6.411068596483593396e-02 6.261288347500482132e-02 7.924169461183172558e-02 5.386450581048984887e-02 5.094639323146710197e-02 5.739944491995307985e-02 4.557006710843447550e-02 4.835574653256591304e-02 6.853987143427797690e-02 4.582995554327640164e-02 3.333488896334912965e-02 3.839305876926779604e-02 4.334633566932710735e-02 3.186689070001369473e-02 5.738657030969207540e-02 3.473838922715133393e-02 1.582177382309968294e-02 5.943824063105518363e-02 3.362407501044195612e-02 1.914449905285753317e-02 5.386386026296730023e-02 4.553591747923002586e-02 5.962930095342144909e-02 4.483620055428172435e-02 5.266190850135910040e-02
7.628251094275029232e-02 7.145208858593443679e-02 6.971850410027613520e-02 8.500683146779719479e-02 7.021936728765787450e-02 6.317685550042551057e-02 6.283299133843911477e-02 7.842564396835305374e-02 5.364740978318316422e-02 5.038472084760758918e-02 5.635506254603006582e-02 4.578338479188692745e-02 4.870542793616694510e-02 6.842811367583534476e-02 4.569031195357231567e-02 3.325888574742297266e-02 3.837081059744340550e-02 4.268005179949296846e-02 3.144654857806372661e-02 5.781031434036121297e-02 3.449136112920569985e-02 1.563499324506523180e-02 5.917443374432540537e-02 3.390455289720817333e-02 1.891981898668104733e-02 5.402285980488397144e-02 4.521060384037500768e-02 5.941027405844323539e-02 4.440414246184554159e-02 5.306169886554856774e-02
7.667483893728554989e-02 7.256501307777840637e-02 6.969522277902084895e-02 8.527478766516249920e-02 7.073038956946531286e-02 6.503146795862591034e-02 6.274706062214274738e-02 7.835364141914835656e-02 5.481078975410147436e-02 5.123900213671639392e-02 5.656047325415691773e-02 4.615619890634903300e-02 4.740970701360458506e-02 6.792830632659718759e-02 4.578698551704141195e-02 3.357493579701120723e-02 3.818587336373990837e-02 4.293102784416102935e-02 3.136805824934940645e-02 5.667166238021836833e-02 3.463515553830331939e-02 1.589595322515080511e-02 5.971413914753087582e-02 3.431223049120513124e-02 1.919268100577520286e-02 5.446785521689889720e-02 4.516737708422269293e-02 5.951381881995265744e-02 4.474648446566620308e-02 5.338684207095356626e-02
7.602552881424529119e-02 7.215237012965936003e-02 6.976460876496526353e-02 8.399858866604548169e-02 7.003802199177044940e-02 6.471558337728433585e-02 6.284967556732246052e-02 7.852737583683033762e-02 5.424863273185565049e-02 5.118046622227012676e-02 5.665893472906535777e-02 4.582260664051140964e-02 4.785344977118599630e-02 6.833179516127518838e-02 4.600793807105185707e-02 3.355222854267880805e-02 3.844986473608180688e-02 4.332182750860269493e-02 3.177486772726201281e-02 5.728844926960885431e-02 3.509056856030046134e-02 1.621090640530242766e-02 5.990777123501889179e-02 3.461213466564982966e-02 1.947517799039166775e-02 5.442137896001808528e-02 4.559958287362952944e-02 6.054029146712025522e-02 4.484016785616473655e-02 5.348651635757439848e-02
7.575784780012906339e-02 7.170335769701097206e-02 6.928246463522746978e-02 8.546352605398865876e-02 7.000290582974333375e-02 6.354931709938593798e-02 6.231352858186500754e-02 7.874221979347062472e-02 5.356385377504713219e-02 5.025143044653024305e-02 5.692137686777698491e-02 4.525023039568498717e-02 4.799606433163594588e-02 6.830500363457359114e-02 4.572074772806544729e-02 3.345197299773561284e-02 3.853307423447205338e-02 4.320116459843026391e-02 3.128949314035578411e-02 5.699508796319463499e-02 3.500758683130511528e-02 1.564617390319522627e-02 5.937778853430897286e-02 3.330671630106518677e-02 1.895049264449077953e-02 5.381221731114216311e-02 4.476713176353852575e-02 6.043632107457153069e-02 4.497832290221071005e-02 5.316276193274793727e-02
7.558794860128204007e-02 7.213004830422597990e-02 6.938412649333525195e-02 8.437372800955600383e-02 6.948160113763979240e-02 6.510353531492762968e-02 6.359774343695612231e-02 7.793231038026871005e-02 5.442455747719066039e-02 5.108061762340643241e-02 5.611445069287857024e-02 4.576275023177300838e-02 4.771610282997196251e-02 6.753981124723917873e-02 4.597050628111265524e-02 3.363778489926483317e-02 3.800566895463486361e-02 4.201870666183227243e-02 3.099997393753772812e-02 5.655866206802917517e-02 3.454990963862902831e-02 1.548900635759009603e-02 5.910229627397889374e-02 3.336338530745752706e-02 1.878447889209278188e-02 5.349094940498666517e-02 4.453162829988999150e-02 5.932852892469897554e-02 4.435163271757414094e-02 5.273630881819446614e-02
7.641154206099987078e-02 7.208838281633100920e-02 6.966685407876171965e-02 8.555727561504777867e-02 7.030788538174759239e-02 6.508305526788360496e-02 6.279673189790280219e-02 7.915355741207230622e-02 5.528991895297652448e-02 5.106366802238460068e-02 5.697101977434382292e-02 4.589769518279895877e-02 4.819299476898297740e-02 6.943244787206204194e-02 4.615147335681868412e-02 3.404304573885230667e-02 3.897918913468867430e-02 4.330277240505830960e-02 3.186061302621601143e-02 5.802688089813745620e-02 3.491264692227513677e-02 1.637946388770439299e-02 5.986666136332363664e-02 3.402200117261378054e-02 1.966533251542790239e-02 5.443027403624478566e-02 4.539706116145048043e-02 6.019811651872775116e-02 4.535224397940229579e-02 5.362792537449845298e-02
7.673802355849446144e-02 7.184107187875543588e-02 7.002562435628201243e-02 8.530063199949911024e-02 7.106292755359300273e-02 6.366909074323157114e-02 6.283855868022003577e-02 7.919597400537847776e-02 5.439596638547206098e-02 5.069449233820177980e-02 5.669107160548225721e-02 4.605149463909130603e-02 4.841438802735043012e-02 6.864469158381014680e-02 4.539752438055799644e-02 3.331254320557075488e-02 3.861750131537222686e-02 4.278128095669808673e-02 3.118239692770119476e-02 5.764113834402984082e-02 3.476636047250014627e-02 1.577682628421728239e-02 5.980808044501895182e-02 3.363119710571060850e-02 1.912309783194299229e-02 5.348412307590910686e-02 4.515101951706945727e-02 6.002860099282392170e-02 4.514775938788240239e-02 5.289219776252007676e-02
7.704699798447922632e-02 7.284981186686412258e-02 7.049420332801048517e-02 8.581415841192008287e-02 7.081371320508678124e-02 6.514040284930455726e-02 6.410864049044828761e-02 7.961620489460763395e-02 5.523922603589515035e-02 5.155096534997172242e-02 5.710055682508174968e-02 4.654918270143681980e-02 4.914679227969553921e-02 6.953145711969987985e-02 4.710552109131516119e-02 3.500122425004770221e-02 3.940539019382560681e-02 4.362907871919174951e-02 3.254403187619692162e-02 5.813810558482401802e-02 3.567665384117768568e-02 1.641018391175608215e-02 6.050871207238284200e-02 3.438402420500041856e-02 1.965944526637430911e-02 5.497982506855825235e-02 4.563756133496177370e-02 6.110667583541173897e-02 4.528044636528649747e-02 5.382367829131506909e-02
7.661411048107247268e-02 7.230786836732328027e-02 7.000654475896039841e-02 8.479181397208535031e-02 7.016724073626212643e-02 6.473670111498197599e-02 6.347047351791523795e-02 7.825613799057640207e-02 5.420447505807723942e-02 5.095190454346321118e-02 5.722002517389146448e-02 4.612258783989986455e-02 4.783423983383894296e-02 6.814412716242790324e-02 4.573815659528390754e-02 3.349836633927472107e-02 3.812827524182882399e-02 4.285511626816385089e-02 3.116764187189202673e-02 5.767613668202065114e-02 3.430343957144410538e-02 1.577972198697263906e-02 5.950865604790944730e-02 3.347676091152385069e-02 1.888914284957188272e-02 5.345883978876964093e-02 4.446167553504043468e-02 5.994754636111965240e-02 4.405426266073408925e-02 5.242850794515740986e-02
7.599323032588145566e-02 7.222629190996743276e-02 7.026319005164527454e-02 8.517217909605845350e-02 6.997955903663921617e-02 6.266948227030821883e-02 6.187168321357461309e-02 7.913854255806862525e-02 5.391573927645954001e-02 5.032634778746203352e-02 5.705810667543698145e-02 4.564117852221682980e-02 4.791852007032781913e-02 6.802187289565075901e-02 4.593958896396133085e-02 3.362336006891464280e-02 3.774671082286218393e-02 4.262052188645792938e-02 3.094271991832631130e-02 5.737208919730374390e-02 3.465163761766509865e-02 1.568004623006347131e-02 5.850560343745891956e-02 3.371340664171462720e-02 1.889198890560317423e-02 5.337110607794270933e-02 4.462738405594990354e-02 5.894748853843578829e-02 4.389865663086567338e-02 5.305389039880248347e-02
7.586597778771597689e-02 7.169400492948252435e-02 6.939837055854214398e-02 8.511226256589310424e-02 6.957354957244232807e-02 6.374589568245436766e-02 6.199896195073550942e-02 7.858530110300243621e-02 5.358365121135522102e-02 5.055402908055706135e-02 5.622452610874706380e-02 4.549246821837682475e-02 4.737058810746530568e-02 6.771504797897209826e-02 4.534067909280503628e-02 3.312463272515753232e-02 3.808072023946529328e-02 4.244610253869307570e-02 3.123730545045910745e-02 5.700863358229835143e-02 3.414779372267773283e-02 1.567367489878712661e-02 5.985287158698238130e-02 3.377039739383391748e-02 1.899105949782287084e-02 5.360805031355919681e-02 4.502405966296452178e-02 6.004057039159338416e-02 4.447634869837457927e-02 5.272848810371977279e-02
7.684310855908194071e-02 7.212739842585946803e-02 7.026587217184498968e-02 8.426631920340144077e-02 7.079711169306301954e-02 6.404345256025800737e-02 6.289939475549832792e-02 7.788240197491091976e-02 5.380053997228406715e-02 5.114495004633301534e-02 5.616439490842051185e-02 4.592981825914232985e-02 4.700431643510505353e-02 6.757378864174823363e-02 4.528769319445524744e-02 3.301028343730072478e-02 3.785031644393654915e-02 4.228746818976558686e-02 3.097806003476710757e-02 5.714715107732271093e-02 3.396312535101708718e-02 1.569022109118911601e-02 5.944937837182306950e-02 3.388336781916256868e-02 1.890556939444110185e-02 5.337905193343850385e-02 4.457748466967403900e-02 5.948844354832694137e-02 4.398635051136201568e-02 5.260248659035626773e-02
7.587682644345017380e-02 7.183714229223880920e-02 6.970565025208141918e-02 8.473560966566351382e-02 6.963318129444395765e-02 6.452546802892777933e-02 6.234350833492996458e-02 7.849088502148049429e-02 5.422163204897856303e-02 5.122466913218071127e-02 5.632917888058175393e-02 4.561424350740495015e-02 4.733633362256162158e-02 6.772355405469232537e-02 4.551967186870164994e-02 3.326288627291340561e-02 3.794947459674968826e-02 4.257532631579019622e-02 3.121127962940706269e-02 5.723015227148131601e-02 3.458929855128101138e-02 1.546216311970782797e-02 5.920599028625872506e-02 3.286710298634520910e-02 1.876698957641886878e-02 5.355498941083736142e-02 4.476399790642870968e-02 5.959337152950050509e-02 4.394021345083443109e-02 5.286971597395773159e-02
7.688215629520511740e-02 7.252918093070181982e-02 7.018180734492318606e-02 8.582528680465850712e-02 7.010403503910866974e-02 6.493021781935981451e-02 6.281085248414974842e-02 7.904394252753865757e-02 5.490018372758065368e-02 5.208048497304451629e-02 5.684373702415923546e-02 4.637817523096243733e-02 4.898344551729350016e-02 6.855864720504634136e-02 4.576693913953455706e-02 3.358252360636582168e-02 3.842985531138376487e-02 4.322252589054231819e-02 3.193230683672920733e-02 5.775350284204971985e-02 3.485573626718219131e-02 1.611699321147241903e-02 5.987001566281868747e-02 3.434559702448369833e-02 1.935890289635011641e-02 5.417046393625346568e-02 4.574786896381599632e-02 6.022426011654458122e-02 4.466388493674733340e-02 5.327492337121109145e-02
7.684141127059929133e-02 7.273844991213529454e-02 7.000738479622992116e-02 8.552418456455868068e-02 7.060457524271734897e-02 6.525644412237108227e-02 6.365765906730169732e-02 7.854845165617918568e-02 5.550114358314672813e-02 5.231345074522764094e-02 5.710987229433550638e-02 4.628508209011306107e-02 4.824333704084615704e-02 6.881495621839350818e-02 4.624816737957626600e-02 3.404328399930012239e-02 3.823335891287582555e-02 4.287593857680160880e-02 3.135539238463325162e-02 5.749006837001102710e-02 3.456053705245265562e-02 1.601129839108050845e-02 5.963255504688591557e-02 3.382926985981926649e-02 1.931221068728827817e-02 5.377015676343699369e-02 4.503459887877347967e-02 5.988681676162865841e-02 4.437573909705072595e-02 5.320744393539511563e-02
7.627581799461280454e-02 7.219639250953679976e-02 6.964133665415905838e-02 8.458719844801887433e-02 7.015157405720051642e-02 6.512788687040726998e-02 6.328299395613079525e-02 7.817632635881022196e-02 5.505032657080555225e-02 5.116021603869658207e-02 5.659501113203102562e-02 4.534192063261155425e-02 4.792522640698670955e-02 6.865065826520400094e-02 4.584836825076799016e-02 3.353790883992546767e-02 3.832427574632379930e-02 4.297365912544881539e-02 3.170968566547038847e-02 5.769773727613136671e-02 3.518203677909914617e-02 1.611349808594919608e-02 5.968734028135624925e-02 3.454792603186618294e-02 1.959796633559562906e-02 5.429126604573264459e-02 4.510505280542176365e-02 6.042178780404139360e-02 4.518686161772667020e-02 5.331096809976143547e-02
7.787319995733277267e-02 7.197408742839206397e-02 7.013507094796134211e-02 8.510591073623752223e-02 7.133616291427768985e-02 6.435164273871674112e-02 6.250841943995233407e-02 7.793231737614281229e-02 5.430711965526491269e-02 5.192039939651360569e-02 5.651138756134033159e-02 4.617006552294311561e-02 4.735868894335615309e-02 6.803456526591089570e-02 4.538372476338192740e-02 3.313871215867347786e-02 3.786297023719864541e-02 4.284318594522762425e-02 3.175971367247809596e-02 5.709571085910480903e-02 3.392266832607582216e-02 1.561297630870805975e-02 5.933991443527730780e-02 3.340336442679614493e-02 1.890522479965328628e-02 5.410328467361535942e-02 4.527901180359839017e-02 6.004377446496311777e-02 4.486652695896387044e-02 5.225503026386491001e-02
7.762910029835978776e-02 7.283052437683457114e-02 7.072240935049167732e-02 8.512497440522936998e-02 7.092052239029156269e-02 6.586501050221960085e-02 6.490048429122108331e-02 7.914420511620123833e-02 5.516667419403287198e-02 5.204949349542520309e-02 5.688522896162373499e-02 4.684690434807192716e-02 4.837234105677445939e-02 6.897687549966358134e-02 4.652282567494525622e-02 3.404155688750964970e-02 3.848468342102462358e-02 4.335425253157332293e-02 3.147363674733139050e-02 5.794785607006502914e-02 3.488229852342650261e-02 1.605550304541836226e-02 5.990759445550697393e-02 3.473274978223805931e-02 1.933760669475192984e-02 5.368745861213275461e-02 4.538313050639741775e-02 6.024110214004796404e-02 4.532634044461891776e-02 5.347238522937391991e-02
7.640612816024994203e-02 7.197872698129303970e-02 6.964112743950989781e-02 8.535607582266191429e-02 7.000755649723355845e-02 6.425880628459923471e-02 6.295445980799962982e-02 7.848832891689028202e-02 5.407177274418639712e-02 5.099460271316891280e-02 5.656593723949399077e-02 4.603028038358658591e-02 4.768806234358491380e-02 6.779632045846106791e-02 4.551384600806773761e-02 3.360337626089382468e-02 3.830065363680557056e-02 4.333123773867342265e-02 3.128017834320084845e-02 5.731425314724880593e-02 3.473076269187957976e-02 1.556191409679508197e-02 5.941966756110650394e-02 3.431552309381924459e-02 1.892428098534981729e-02 5.418960859745336478e-02 4.525045964632390394e-02 5.969062334742414322e-02 4.466868439828575177e-02 5.287849119508658546e-02
7.571007577015320678e-02 7.168866670925044815e-02 6.907037840385532590e-02 8.528139803078804704e-02 7.010685210978273574e-02 6.363070236471601859e-02 6.286499655045574286e-02 7.894963277502453636e-02 5.409982745277508442e-02 5.038420495782469644e-02 5.574263224859210553e-02 4.550939936694442522e-02 4.827511227314129627e-02 6.815537664977000532e-02 4.550788551719797681e-02 3.320763793004344322e-02 3.807670848366839778e-02 4.229796503612748282e-02 3.116279156356105418e-02 5.720675687902554429e-02 3.431541165126406057e-02 1.545532166956409270e-02 5.895871342381253655e-02 3.317976273559875011e-02 1.877032862225469501e-02 5.330551929550342294e-02 4.452317171791353445e-02 5.940572789829268174e-02 4.416480816670631526e-02 5.289455924137698162e-02
7.744469902729411714e-02 7.282151132080860734e-02 7.031599405045518836e-02 8.612939453429913073e-02 7.044365561857368618e-02 6.574167443837852787e-02 6.323128382382448009e-02 7.964860981949062335e-02 5.437212502461408192e-02 5.200018783123550037e-02 5.743435889675652106e-02 4.639537083704370346e-02 4.862528683603839497e-02 6.942108510121602905e-02 4.596925534664286772e-02 3.380743651405593297e-02 3.860092391923686250e-02 4.352815882692251392e-02 3.146007783612958519e-02 5.836353131996130372e-02 3.565893069659686887e-02 1.627412288459106904e-02 6.050196361251058974e-02 3.443729958300068006e-02 1.945062392864915779e-02 5.407242209636331509e-02 4.553573557625201218e-02 6.110088110571920694e-02 4.503812729079026411e-02 5.386695052614864920e-02
7.731604113149082025e-02 7.311129652183367966e-02 6.989702319255464147e-02 8.530922282262443090e-02 7.062474560131004608e-02 6.467878885579336767e-02 6.424073151728570963e-02 7.847110266831336389e-02 5.396948784949140432e-02 5.107206108687778467e-02 5.665876732208774413e-02 4.619341720189007461e-02 4.764004696918888726e-02 6.806578690169962087e-02 4.618983934298404037e-02 3.385713346009389113e-02 3.788100689646611841e-02 4.251660210594376821e-02 3.153305969144692966e-02 5.763714264368857698e-02 3.481848198595516308e-02 1.578873028245020294e-02 5.974215548824579614e-02 3.396106933749898360e-02 1.913576616873058356e-02 5.320083950486553803e-02 4.596637571147743628e-02 6.037057222465325168e-02 4.496548760718743765e-02 5.282312026109003966e-02
7.697266048891249213e-02 7.254922701570620802e-02 7.014017594907118180e-02 8.595171485484831564e-02 7.105106768260904815e-02 6.473258842267126667e-02 6.359374315604693351e-02 7.999052704749765041e-02 5.475680969980478707e-02 5.201364443205225285e-02 5.748643864744007459e-02 4.637465672739793376e-02 4.904429165533263912e-02 6.830914979950275523e-02 4.554336875805553575e-02 3.352224367694756069e-02 3.884177603417748870e-02 4.356863016854362058e-02 3.120071186632289439e-02 5.748040879155347227e-02 3.549268229365232230e-02 1.585641579277075053e-02 5.922728473812366445e-02 3.407395233541299362e-02 1.909550459320197291e-02 5.364584382037262955e-02 4.517773452234052911e-02 5.989036917876555677e-02 4.546155433036913607e-02 5.348016513027387120e-02
7.536480313889715177e-02 7.108282592746295592e-02 6.802791923462025991e-02 8.402171529760238400e-02 6.950353570378808854e-02 6.404782045009094205e-02 6.249408848337978384e-02 7.761959106356641769e-02 5.339743185406575776e-02 5.049976786853971333e-02 5.562230914226784506e-02 4.518442182914439442e-02 4.727546002456683993e-02 6.753119311562505445e-02 4.462803502458090321e-02 3.233070607613619529e-02 3.748341669746979576e-02 4.218987076462399344e-02 3.032805446007547090e-02 5.671303375750413878e-02 3.393737646566208355e-02 1.516750487076912179e-02 5.859706031990885577e-02 3.285276836449835258e-02 1.854819960119069577e-02 5.286220977394817666e-02 4.430616920888574839e-02 5.910585702020876298e-02 4.403838417932037785e-02 5.257033583846792979e-02
7.658280136450512643e-02 7.177811828162017349e-02 6.968047991286319132e-02 8.466008095654142807e-02 6.994144604726182379e-02 6.414381367850197080e-02 6.253315693717098611e-02 7.812116224579224166e-02 5.406973310866058924e-02 5.055902569426562465e-02 5.641872202801634373e-02 4.576431770170508173e-02 4.748104582519818706e-02 6.748512253714400444e-02 4.548327445571676009e-02 3.326501630478073679e-02 3.752343396247415086e-02 4.191241660337174935e-02 3.064157399296751905e-02 5.653831148785259941e-02 3.396520352493626049e-02 1.536490785446309459e-02 5.899049833107961049e-02 3.315506770542908654e-02 1.870254858559095013e-02 5.371262265118437185e-02 4.462087547145676680e-02 5.936008739387155231e-02 4.416810838767748493e-02 5.211374667100088232e-02
7.549000226196689312e-02 7.131383748682207369e-02 6.936361206981045413e-02 8.481017079420993809e-02 6.876181054960595063e-02 6.391933734592081251e-02 6.234013936821058977e-02 7.875367584599901605e-02 5.326762464776368944e-02 5.051914511898614180e-02 5.681575828509100035e-02 4.554916608674375311e-02 4.774847472210330679e-02 6.821827367040844692e-02 4.539598820702694937e-02 3.309607000778491681e-02 3.806370743282849745e-02 4.318515735118078069e-02 3.115110073732196838e-02 5.686240033745049161e-02 3.437355409929354622e-02 1.556752205153344448e-02 5.962633179420651075e-02 3.319269416049097643e-02 1.885062030512951736e-02 5.328417996613321606e-02 4.438211261563740351e-02 5.975247652660442554e-02 4.473267757596177674e-02 5.286445437799480729e-02
7.679724737599524786e-02 7.288087169346679772e-02 7.026840609416584726e-02 8.460300316235835894e-02 7.068525207087272832e-02 6.467899921787090278e-02 6.369584938164152277e-02 7.815448386527412694e-02 5.487575640808461941e-02 5.190220473324957950e-02 5.659605945078771683e-02 4.627108840306082271e-02 4.727733169041359318e-02 6.789602568954755668e-02 4.566640361935903059e-02 3.347740836817258980e-02 3.813341749263132741e-02 4.252606987380858072e-02 3.100150187756911535e-02 5.721585663153705426e-02 3.484461168286578925e-02 1.588307310350600687e-02 5.964987681861710911e-02 3.427055093840891686e-02 1.912169020048759549e-02 5.354188817135652201e-02 4.522533563962838343e-02 6.004521482997438042e-02 4.427402225178855844e-02 5.306648833528715414e-02
7.581207160512093424e-02 7.154884308246289848e-02 6.943026242131367098e-02 8.484685714825834779e-02 7.012093725379742182e-02 6.396228786474145167e-02 6.320710113414440556e-02 7.881721273428654584e-02 5.376049522437353900e-02 5.058233475864115647e-02 5.684750194854926164e-02 4.557934499948368412e-02 4.781363207676525562e-02 6.793280374434917945e-02 4.597826638751145722e-02 3.354150744123129968e-02 3.800770478653481277e-02 4.311655940954883803e-02 3.162922223392161669e-02 5.715655439681111005e-02 3.499770233614807324e-02 1.595856310330789896e-02 5.957925005904174398e-02 3.473980393473130590e-02 1.900074536247098322e-02 5.398073886866594506e-02 4.534128643374524259e-02 5.988424733357433638e-02 4.468327137362093637e-02 5.317538822820733202e-02
7.629811902299721282e-02 7.215414440038081523e-02 6.931013760970428095e-02 8.485165496765922910e-02 7.141768532337655628e-02 6.429368134671742396e-02 6.326895507539465058e-02 7.841434713330297512e-02 5.415463519201146880e-02 5.090672979972232781e-02 5.625098764968949894e-02 4.574000911842857064e-02 4.847470913291518357e-02 6.877926633887421204e-02 4.606527857120701341e-02 3.342976748322934455e-02 3.814764641847867566e-02 4.309154475708254495e-02 3.145853573459156394e-02 5.775988906176587889e-02 3.461049796458048888e-02 1.598280628653281354e-02 5.969461763586902947e-02 3.471306857897449305e-02 1.927991868885792215e-02 5.403939717717332059e-02 4.571393947714108563e-02 6.062448038200107803e-02 4.475044279185080853e-02 5.237458619132295823e-02
7.622745637877770264e-02 7.244362038701401829e-02 6.963625640700366048e-02 8.521711484586669272e-02 7.027629464663753822e-02 6.476578526861054286e-02 6.345571483109546662e-02 7.853541619326032119e-02 5.383763536764485380e-02 5.116958475119570693e-02 5.631036461773675228e-02 4.575584663168186239e-02 4.803627361456319633e-02 6.797302922865045005e-02 4.568553209220782563e-02 3.359122612852383227e-02 3.830590652702214882e-02 4.280122799568397696e-02 3.154901959463929373e-02 5.759157479929832846e-02 3.476469334431309122e-02 1.631204745530645539e-02 5.927222635310247512e-02 3.399349628628423048e-02 1.964631805018379751e-02 5.381236153569801672e-02 4.520892358460359972e-02 5.956451413199959077e-02 4.477961016880360745e-02 5.296597116401446925e-02
7.587160761409217358e-02 7.113476658940731667e-02 6.931267209340274960e-02 8.477447940298743490e-02 6.974775576747438421e-02 6.362896592950084695e-02 6.261933784307638362e-02 7.858577784402687172e-02 5.298857105298759862e-02 5.001395281787601732e-02 5.663883873141850600e-02 4.521763996672234498e-02 4.834680042585004500e-02 6.802357633174738183e-02 4.592416257223375098e-02 3.331282836773130640e-02 3.738041635482192149e-02 4.211800128870457627e-02 3.039348562110610885e-02 5.785225529998339056e-02 3.376051105840138788e-02 1.526525159593683512e-02 5.910549465517034307e-02 3.284069549198687099e-02 1.858037167384107846e-02 5.344447277479380531e-02 4.501025278125059259e-02 5.951735948558756206e-02 4.417977230375136344e-02 5.196441857172828804e-02
7.763182838377380435e-02 7.263140635491271979e-02 7.059739519852215039e-02 8.570199384109766783e-02 7.100769778534887777e-02 6.478568608027091003e-02 6.358960597095242306e-02 8.001118044944588448e-02 5.489806417581544196e-02 5.108413221487584366e-02 5.714349267454732484e-02 4.637877984103644380e-02 4.873343244735561797e-02 6.917113622550541407e-02 4.595697193071401898e-02 3.377811432610267062e-02 3.893157741336494837e-02 4.343395456974974422e-02 3.203258827046306934e-02 5.809836384975808343e-02 3.542837390067266057e-02 1.626967132126422300e-02 5.983498126103947712e-02 3.505513115541081248e-02 1.960594129133053087e-02 5.443403587468953475e-02 4.613150619137540431e-02 5.969998051762281932e-02 4.464219083802856147e-02 5.353845919160082900e-02
7.574698270531809996e-02 7.180875826469002021e-02 6.889835044741721148e-02 8.459347599153943520e-02 6.970619503932296013e-02 6.384000434475955998e-02 6.248364717600196627e-02 7.796122659463877724e-02 5.311650522155542120e-02 5.050193700725147394e-02 5.620326489152027705e-02 4.526739903888143957e-02 4.743135959150812653e-02 6.681717523771979472e-02 4.542189831594978244e-02 3.293002650134990716e-02 3.774898947282068207e-02 4.199182416004143548e-02 3.085627813072511216e-02 5.617578959419677886e-02 3.411694156990208171e-02 1.506060912313866851e-02 5.884449482489761962e-02 3.349863684063425495e-02 1.827080099236599864e-02 5.343604418272906997e-02 4.456584628457527231e-02 5.966380011924155014e-02 4.419712054798718981e-02 5.231717871077679050e-02
7.626993574071949666e-02 7.222635398076970858e-02 7.030403675583052348e-02 8.539429931936926010e-02 7.010682424186231998e-02 6.523901112450580797e-02 6.325475247202883011e-02 7.923174393680110228e-02 5.421758252200570283e-02 5.138990034549761887e-02 5.672827152000881057e-02 4.601196946564067858e-02 4.848896161144544692e-02 6.902137380577810788e-02 4.586148150437008297e-02 3.353909384374675895e-02 3.861422603032726997e-02 4.317673026074997367e-02 3.214366400183177319e-02 5.778977590031697531e-02 3.509904923141871080e-02 1.601445326295003468e-02 5.969406635203711176e-02 3.495004081851282862e-02 1.939232508925758935e-02 5.496030409860086507e-02 4.582953575457704432e-02 6.017685051840748756e-02 4.444592998630669811e-02 5.298370435004340351e-02
7.641809345859673641e-02 7.290341102578246080e-02 6.954346190174920395e-02 8.554325952486463436e-02 7.041692751237427217e-02 6.393530885889653348e-02 6.281194494912156756e-02 7.887284123891324938e-02 5.469232263317769238e-02 5.091288833686702375e-02 5.629342524874747511e-02 4.605914410270584014e-02 4.744966734017186383e-02 6.890720392642890602e-02 4.583638952210344897e-02 3.368097316256912777e-02 3.863682132895895904e-02 4.343524092619865939e-02 3.174423685688099184e-02 5.783638496111143112e-02 3.582585020578576973e-02 1.631253009217159544e-02 5.954807994858413167e-02 3.442102740567198893e-02 1.964661235762177327e-02 5.422334520420202253e-02 4.590996168359540164e-02 6.052467226166502456e-02 4.527375493256080574e-02 5.433772274222592458e-02
7.674225250303656765e-02 7.270945476847412436e-02 6.968550556913966076e-02 8.493458717252622137e-02 7.092681796872080113e-02 6.556925421106507557e-02 6.336904137635990253e-02 7.890765947887024012e-02 5.533734080716090631e-02 5.169859331064285968e-02 5.709277892177810898e-02 4.616258221063640477e-02 4.817859037704730341e-02 6.871679843880995620e-02 4.595209582475856536e-02 3.367606362388997354e-02 3.925280077360993047e-02 4.361915336639965446e-02 3.209766272023584222e-02 5.813895977880223498e-02 3.553626705873424996e-02 1.629214781651500132e-02 5.999477540258890684e-02 3.427999067456699578e-02 1.962464578097655732e-02 5.470566819888977861e-02 4.569763486871902813e-02 6.043336621274564280e-02 4.543002848748622924e-02 5.388803494592275811e-02
7.687927970909624875e-02 7.284803755215696341e-02 7.077823375697089858e-02 8.589392088857028540e-02 7.067677797739246870e-02 6.488112486422537017e-02 6.367091504465394181e-02 7.968374242799614038e-02 5.523876938961480576e-02 5.147640083517845966e-02 5.743733821802132766e-02 4.638071620308670262e-02 4.921816672165846285e-02 6.914099446750343603e-02 4.661888779198575250e-02 3.445730833463178655e-02 3.921380696851128889e-02 4.303507051789567939e-02 3.218368410418381842e-02 5.804847048535188847e-02 3.543396510610952177e-02 1.637814038158591501e-02 5.984972124739318389e-02 3.436747976185117182e-02 1.966433269806699968e-02 5.488643283614047519e-02 4.620807148060723790e-02 6.070988142492028672e-02 4.578976702317705261e-02 5.397257523674081625e-02
7.628459047024893636e-02 7.197353785026594508e-02 6.989371449638293043e-02 8.488999868965718676e-02 7.049501709064109889e-02 6.440420390891343772e-02 6.326877594775304203e-02 7.887361377930535156e-02 5.439859374776911949e-02 5.100940464630099314e-02 5.713303247595202805e-02 4.556825062682223759e-02 4.864027006705340384e-02 6.773120799500320643e-02 4.620808973113943452e-02 3.385416194912682641e-02 3.870576922262580766e-02 4.307206675271046947e-02 3.149812583765410068e-02 5.694264945315818949e-02 3.530175062789364659e-02 1.573052408236907951e-02 5.948938241241474856e-02 3.426979166655552689e-02 1.902905207391114573e-02 5.397266893449348402e-02 4.536995277057398468e-02 6.020754408556872050e-02 4.474032432487629052e-02 5.358362694920959513e-02
7.643271539368656775e-02 7.184802031527626198e-02 7.033386613550751676e-02 8.564020224133628290e-02 7.112153403858334499e-02 6.499885476652345062e-02 6.327146029318919673e-02 7.919932454249511977e-02 5.485465944867540244e-02 5.111800130983290558e-02 5.686005439992891652e-02 4.626860613161243307e-02 4.834633037789082266e-02 6.826118616826670760e-02 4.577537337510495519e-02 3.337092384252526855e-02 3.866810227321115789e-02 4.371602090434523191e-02 3.134337206973603074e-02 5.793034815942732507e-02 3.475889478355309592e-02 1.597433595893571479e-02 6.021553386564182375e-02 3.477523849131491929e-02 1.926140498794381983e-02 5.411474272474547931e-02 4.553727067463553269e-02 6.043289628568038196e-02 4.475945764822375494e-02 5.327013887848819351e-02
7.596678847687421410e-02 7.179913722633912698e-02 6.948431366355256600e-02 8.465441789265959471e-02 7.012602796587152909e-02 6.459812006951715091e-02 6.320690990726340885e-02 7.891150155326620563e-02 5.507439413158143893e-02 5.126376879817451382e-02 5.626037189559607299e-02 4.603365913054346947e-02 4.799464288502264253e-02 6.855123743091384725e-02 4.562008890146307394e-02 3.331378387491978899e-02 3.802840766737425326e-02 4.275763769994522789e-02 3.131850597167629147e-02 5.756340576359031402e-02 3.464897323694104969e-02 1.570547197374372317e-02 5.895703509769179007e-02 3.397897647160785795e-02 1.905852178066469449e-02 5.324689321438524914e-02 4.470339187965199912e-02 5.966456751752025056e-02 4.436882400290498296e-02 5.307563089100630904e-02
7.655297585218434619e-02 7.236221389831243300e-02 6.971113845589194113e-02 8.570429636382259631e-02 7.019833189255964001e-02 6.521914620338975510e-02 6.337966021938479244e-02 7.855018975173866380e-02 5.432538673573583665e-02 5.090018862319212190e-02 5.613308110363801617e-02 4.585923098520261476e-02 4.812560096963469647e-02 6.764999334199872649e-02 4.583439992547422293e-02 3.327485056832957255e-02 3.768325093340463283e-02 4.263388890841746104e-02 3.131315674267609594e-02 5.711276157937206222e-02 3.441632713735787164e-02 1.556074390860340273e-02 5.975970445681211274e-02 3.408710723119545705e-02 1.883344524349395144e-02 5.342359915599059761e-02 4.480016346182313924e-02 5.996114302823229991e-02 4.443674953053022847e-02 5.267443006536787209e-02
7.623604835445485506e-02 7.163672229373574396e-02 6.931194582492761214e-02 8.455042175615767874e-02 7.015269190567785529e-02 6.524688962037661355e-02 6.278033352920386889e-02 7.941477183046474764e-02 5.454324662316478722e-02 5.152347515850808080e-02 5.618204478485289144e-02 4.583274123129488231e-02 4.799773340865343130e-02 6.886480682036966172e-02 4.562381864057707404e-02 3.328750135352143147e-02 3.873240410586165083e-02 4.355376511999597966e-02 3.156686411419773464e-02 5.783686321534009522e-02 3.533082572500623186e-02 1.617093634776800570e-02 5.995632262748662455e-02 3.481631917971617085e-02 1.955910900722601653e-02 5.377502824821389638e-02 4.569912194903125169e-02 6.079184041094842783e-02 4.509680674672544853e-02 5.347077371577002580e-02
7.731836292536842237e-02 7.226321367995192091e-02 7.040789288139981394e-02 8.538546445215811076e-02 7.115374241668126487e-02 6.510807340873991933e-02 6.296536433666588550e-02 7.988865360413788252e-02 5.542342453402326896e-02 5.242557351881682592e-02 5.702644102423581884e-02 4.640931586869623260e-02 4.894457243816319192e-02 6.943127816629734994e-02 4.690151947662002385e-02 3.432083145021014303e-02 3.894207560561069315e-02 4.399320142157980840e-02 3.250972279052533054e-02 5.844248331149337616e-02 3.574439679100782641e-02 1.608394620225039873e-02 6.110901122021150655e-02 3.454483949555076094e-02 1.944923837823964163e-02 5.500374444297229104e-02 4.597419979766703690e-02 6.129114353489306666e-02 4.583100837651477022e-02 5.405465545202625677e-02
7.527208604479396215e-02 7.086458434083375835e-02 6.883703440686916863e-02 8.480711381005345828e-02 6.997699789051337049e-02 6.281100537449635368e-02 6.283444931929160759e-02 7.816091834425398233e-02 5.394689601084001751e-02 5.006001611323052103e-02 5.634209425653935455e-02 4.524422839531272444e-02 4.790507225550433290e-02 6.762544815110294039e-02 4.474097093521400836e-02 3.255058687462675238e-02 3.759544445867479823e-02 4.305416256647776052e-02 3.039716408008708015e-02 5.690857985008435094e-02 3.457881641541904472e-02 1.547021220232602801e-02 5.930139922330734947e-02 3.303593219657940949e-02 1.879118833012327627e-02 5.278988737954515287e-02 4.433305877623672231e-02 5.954693327685056659e-02 4.457634037999191889e-02 5.248098550479962654e-02
7.645629245864826729e-02 7.114821229531953506e-02 6.919866978078470510e-02 8.489983719241811500e-02 7.004712884500863268e-02 6.436515158081501653e-02 6.297644769390231545e-02 7.804323828192494261e-02 5.370196073524535763e-02 5.111797562676967388e-02 5.618972480155681737e-02 4.538937191000025351e-02 4.719038941363917772e-02 6.809749269357334711e-02 4.521547015034022010e-02 3.303379300016384690e-02 3.765660885201205232e-02 4.274887827397710893e-02 3.102565771932797034e-02 5.687383677253299297e-02 3.437743915525848237e-02 1.559641381213383582e-02 5.898849456680377301e-02 3.368640236822084688e-02 1.895805788465798614e-02 5.353377332735620442e-02 4.496887061372989436e-02 5.952008774225969745e-02 4.430499713845925669e-02 5.252087695907414755e-02
7.618386227156870305e-02 7.237733057788320323e-02 6.987071585543214169e-02 8.478273831515048542e-02 7.003526907473611729e-02 6.412187787947143391e-02 6.368498659642529702e-02 7.826797031958099282e-02 5.379187965425513696e-02 5.094820482615736168e-02 5.645728713067788007e-02 4.607192730335718522e-02 4.764430887150705729e-02 6.809526837547297262e-02 4.581283311607853292e-02 3.351457381575873029e-02 3.820555431479100150e-02 4.269969100807946560e-02 3.155333091639933585e-02 5.789134434590970102e-02 3.489869457240191153e-02 1.573897379973354660e-02 5.907514906554345302e-02 3.412908099342448764e-02 1.916689220383105408e-02 5.440443630442848288e-02 4.519684043488991776e-02 5.966279825968934247e-02 4.476304017058296836e-02 5.308298790033916248e-02
7.605128953192075159e-02 7.205675314559645273e-02 6.989733884321269741e-02 8.494275840447906845e-02 6.939912776814072259e-02 6.407988959644095317e-02 6.258312754576511594e-02 7.861516156195502703e-02 5.383551655679053027e-02 5.084335864454025966e-02 5.685150223539903180e-02 4.593180295353826992e-02 4.792050612908882457e-02 6.832020923893322717e-02 4.551046270125480575e-02 3.335096991081876183e-02 3.833443096572430875e-02 4.248842067733615835e-02 3.139078362787639520e-02 5.717412397875243357e-02 3.430743387944223954e-02 1.566993996820720270e-02 5.998744148922874331e-02 3.420568775430377073e-02 1.895746900871309037e-02 5.362888788576292143e-02 4.480477571818708427e-02 6.067916967316033805e-02 4.507652414400142860e-02 5.227135271067284705e-02
7.693085828615586763e-02 7.211554670174313841e-02 7.077384293045252406e-02 8.604959962123759354e-02 7.133643439190251456e-02 6.490506219285130385e-02 6.327339538304244115e-02 7.905067427553191806e-02 5.551906405082007723e-02 5.196305645546184238e-02 5.662028127050744430e-02 4.646680026009120112e-02 4.922361650927875587e-02 6.907847184973547883e-02 4.656852395151744872e-02 3.413126018524836880e-02 3.850892773048597562e-02 4.318041196144495331e-02 3.183309734459882634e-02 5.824592778212611677e-02 3.514168121666338962e-02 1.631210714447206556e-02 6.014315733735209335e-02 3.404985780530056516e-02 1.950455909929482701e-02 5.417448225488286084e-02 4.532619087771072586e-02 6.070635122199519174e-02 4.527840272756167295e-02 5.315137778020195825e-02
7.655629192797430704e-02 7.229023308975213169e-02 7.031816045418670669e-02 8.521731975113633339e-02 7.044109695533107285e-02 6.474233227484837983e-02 6.303206144930628696e-02 7.881668062231605987e-02 5.475020602279956350e-02 5.087787566744106371e-02 5.676008089468087547e-02 4.635932115664687103e-02 4.829579995231947365e-02 6.826363790103062712e-02 4.590206926055717673e-02 3.354360767804598353e-02 3.793542893161294671e-02 4.277890295230379891e-02 3.118190463013048586e-02 5.708293384119667024e-02 3.479890535066187951e-02 1.579466745076452128e-02 5.920982810076891312e-02 3.395110973810755439e-02 1.893470096055382967e-02 5.389199421464851980e-02 4.524350540839128243e-02 5.977729320522184864e-02 4.435665760935014745e-02 5.291119893304951916e-02
7.669815829977233435e-02 7.225760351809729087e-02 7.030645279405023373e-02 8.534129592607531123e-02 7.055445099288526478e-02 6.476901683099267615e-02 6.276737573087753930e-02 7.914326224668366550e-02 5.450148697054135738e-02 5.119918884780050305e-02 5.716019273727512839e-02 4.595678971603733842e-02 4.794266434715410696e-02 6.806718223185503902e-02 4.551743765243765338e-02 3.343587973694273074e-02 3.826887173206827697e-02 4.295530006628123232e-02 3.138713692177619308e-02 5.757843534463402690e-02 3.525651697934817363e-02 1.576481399254037186e-02 5.975367064330283640e-02 3.362318264501285014e-02 1.904983523539760526e-02 5.389723973353000019e-02 4.489853636079876864e-02 6.031629336823174370e-02 4.502638024728078392e-02 5.343679237839937812e-02
7.572541560366463642e-02 7.162186136753190269e-02 6.988444320649200847e-02 8.519060560331537246e-02 6.946932236666558680e-02 6.473396802787956261e-02 6.289490022379640166e-02 7.882485395157434738e-02 5.421480750650209401e-02 5.066122692157071228e-02 5.620818536727201220e-02 4.597167646166777644e-02 4.799560358151566675e-02 6.802251176729345872e-02 4.581010181972988704e-02 3.352068317572820533e-02 3.818016694875092654e-02 4.308705511897548135e-02 3.173962880481973059e-02 5.811268883635234417e-02 3.438114715809570399e-02 1.592287298153083341e-02 5.960991359383216448e-02 3.339952048378735938e-02 1.923525207715570673e-02 5.474747899009368979e-02 4.532609442093793461e-02 6.014043680929637148e-02 4.474740461788417889e-02 5.202163102332635347e-02
7.620133157755670794e-02 7.129240363321631690e-02 6.961910997242171106e-02 8.503071576916809704e-02 7.027583043436447241e-02 6.471968168663355669e-02 6.280456123532207613e-02 7.862347054701457338e-02 5.468307174077891020e-02 5.109545404618387465e-02 5.616161842351496958e-02 4.553874002353719419e-02 4.751437501899280491e-02 6.795417902149214484e-02 4.547596491048899736e-02 3.329586695192388035e-02 3.795671668722366832e-02 4.299580261914881518e-02 3.148706350212471250e-02 5.737411406625669841e-02 3.453837205294041368e-02 1.575880729265133340e-02 5.930542236476732398e-02 3.430031969963298621e-02 1.910817726261138105e-02 5.387323831601609214e-02 4.529247670223535138e-02 5.961907247103015450e-02 4.476756802307679806e-02 5.316993909398437523e-02
7.580270797757471257e-02 7.088469293318100384e-02 6.964508512834166609e-02 8.466637345607930243e-02 7.024608589540060066e-02 6.342956323809856300e-02 6.291829065735088378e-02 7.910950241835124075e-02 5.432309196485851643e-02 5.040895059807537493e-02 5.569368526715967604e-02 4.539076693432209098e-02 4.750641511269071415e-02 6.783706228900543422e-02 4.529138106872832026e-02 3.284545534538452216e-02 3.790813725719388572e-02 4.273816612159375694e-02 3.091005678073521779e-02 5.730886298942960977e-02 3.424648385232043069e-02 1.552958005746907233e-02 5.940507535058037192e-02 3.375642932077127512e-02 1.884205279508277542e-02 5.332930066218910525e-02 4.451830796146172275e-02 5.995559156093577258e-02 4.452921508322482680e-02 5.248691588142184727e-02
7.568993943095847499e-02 7.166990705878983903e-02 6.890786745022836612e-02 8.365848689904531454e-02 7.012203576519127068e-02 6.388419375715681525e-02 6.253993212159913995e-02 7.759616999591933961e-02 5.369327453814909390e-02 5.075574661550597000e-02 5.532902629460823007e-02 4.496211617108913927e-02 4.683980228108808319e-02 6.754024555931881224e-02 4.455224853185191236e-02 3.230395942844399571e-02 3.725735640452887409e-02 4.204146869519131968e-02 3.070682126792156907e-02 5.652315243440497738e-02 3.322486321616846539e-02 1.541703804475158535e-02 5.863252605783353388e-02 3.378081151750800259e-02 1.859360886559091597e-02 5.271191024454324747e-02 4.467512323448952216e-02 5.898384423246572084e-02 4.365625068355649674e-02 5.154888441238991703e-02
7.659671034337112161e-02 7.222295603750739090e-02 7.015318420427396617e-02 8.458910722797341464e-02 7.014949331238051755e-02 6.446267827991469801e-02 6.271423838527345751e-02 7.827615875925575395e-02 5.391038037254647364e-02 5.093865512817608021e-02 5.691106468127893336e-02 4.576068064357174947e-02 4.736422790787520043e-02 6.807013759824842580e-02 4.576287775025233984e-02 3.357614425128030433e-02 3.827073649591472559e-02 4.287352929409271596e-02 3.142727226630537274e-02 5.753020369106165433e-02 3.499625592552213504e-02 1.579743447840309400e-02 5.955536679550910151e-02 3.376324098037386534e-02 1.906969204285768882e-02 5.367278398623342994e-02 4.535534417350595149e-02 6.008326323383483825e-02 4.474798342070940294e-02 5.336136944107794378e-02
7.680645687509057851e-02 7.160717679607087049e-02 6.984791642277121682e-02 8.522932311302566788e-02 7.104004656222340230e-02 6.469310756072266244e-02 6.254996316807126533e-02 7.848071503949238803e-02 5.517456414672450293e-02 5.192559185581790970e-02 5.687181827706089265e-02 4.592777780656653874e-02 4.832884507004253649e-02 6.848064364676664795e-02 4.582593826259273584e-02 3.390398102706182470e-02 3.849406465126170573e-02 4.322396111402238006e-02 3.195814687444187285e-02 5.734613346807160283e-02 3.526805512092101580e-02 1.609000397032778196e-02 5.999781224309064243e-02 3.450909103992971794e-02 1.949579253372935028e-02 5.409761752360342513e-02 4.567857340520475873e-02 6.023507552607743065e-02 4.490159053514242160e-02 5.325915105454592791e-02
7.620346091014873480e-02 7.246396798269216788e-02 7.047922400464878834e-02 8.525044748516963367e-02 7.086371378998990167e-02 6.514866998147184063e-02 6.384340618532968747e-02 7.874834190378132703e-02 5.482448277569451633e-02 5.085396477592052378e-02 5.679770009679163678e-02 4.598799770241468465e-02 4.800649235606702092e-02 6.853955104319409131e-02 4.587948088239190980e-02 3.370699172948476985e-02 3.836895489957692362e-02 4.339467868473967371e-02 3.198220190445777433e-02 5.821581862739222402e-02 3.453039280377456777e-02 1.621995758429051193e-02 5.996366958707222139e-02 3.459726387377548562e-02 1.959025647910639378e-02 5.464454959496878317e-02 4.575897183010368963e-02 6.030356952754312161e-02 4.495958102300390280e-02 5.309937199190528645e-02
7.610896532248956348e-02 7.125803833947497168e-02 6.940030657665907654e-02 8.419238788721727929e-02 6.971719402302500868e-02 6.466714752760793772e-02 6.256313010324143775e-02 7.775975839843329851e-02 5.496630923781120615e-02 5.096333776487282918e-02 5.643770686052862473e-02 4.567689440433397863e-02 4.749337493671657029e-02 6.850650109809297561e-02 4.592672827895993848e-02 3.358772143550359246e-02 3.759209096809890127e-02 4.280634907876024187e-02 3.205304215976845228e-02 5.733865571803553607e-02 3.370379969643089169e-02 1.569854418989802269e-02 5.973624366815011300e-02 3.361551736360635090e-02 1.917310113031511776e-02 5.481439415464040010e-02 4.556846580299600546e-02 6.036128642645754994e-02 4.434676918325131112e-02 5.205237612563662353e-02
7.526985528754526200e-02 7.175478678881885841e-02 6.838396675095159694e-02 8.532785866151515464e-02 7.028775063259917744e-02 6.398968596352760940e-02 6.268342882802535598e-02 7.889194356843720612e-02 5.392640123828540410e-02 5.049974889120401045e-02 5.678076343842297646e-02 4.500990955431172225e-02 4.781783076400758503e-02 6.843862460864347241e-02 4.606041392339088603e-02 3.371308939614925393e-02 3.799112389666481349e-02 4.337941482842389007e-02 3.166478421987051206e-02 5.717610341349477210e-02 3.473363338182222648e-02 1.559224660354940895e-02 5.892159729013179970e-02 3.364135926439093538e-02 1.892044607664322697e-02 5.392860484712214131e-02 4.523931421842597445e-02 5.959991127556829582e-02 4.509491918416053124e-02 5.280714182779933097e-02
7.600512437932716026e-02 7.215101506995758029e-02 6.978942120236331093e-02 8.509969031879505152e-02 6.990149897373720833e-02 6.459784289331294005e-02 6.290799785116663045e-02 7.893737804394973523e-02 5.413606463407028002e-02 5.092181745077750676e-02 5.636783532517553041e-02 4.583479613310537104e-02 4.828583549845699707e-02 6.785001499725140661e-02 4.580385610442716526e-02 3.338628117004160956e-02 3.818725180880511161e-02 4.314127627127506415e-02 3.123337461358000056e-02 5.742981586743489686e-02 3.438591181319816670e-02 1.567767462142155566e-02 5.981345428905271433e-02 3.388243657470590975e-02 1.902171122116191881e-02 5.379997203298714226e-02 4.548332040322300429e-02 6.021980502774226807e-02 4.456959344430933001e-02 5.246361923455511445e-02
7.692595729458640008e-02 7.139840385561901925e-02 6.963718361628279396e-02 8.589343418668304864e-02 7.057618434801282703e-02 6.467794590546604994e-02 6.277395594944357171e-02 7.902495157787692293e-02 5.519016040905544429e-02 5.135451758869002958e-02 5.645500148335980128e-02 4.608068066401083129e-02 4.822816833965193339e-02 6.883949978734671404e-02 4.620718815104218891e-02 3.395497067092678734e-02 3.866404877373286197e-02 4.325444309346071492e-02 3.131780574838716191e-02 5.823246915713742311e-02 3.477215184729942621e-02 1.585693525785281111e-02 6.005654209916233555e-02 3.387343953772159466e-02 1.912335821558519555e-02 5.373702876422914443e-02 4.543343070089944646e-02 6.028611145298023999e-02 4.480374309314738568e-02 5.264945113073205007e-02
7.599816344871479501e-02 7.143124714231330330e-02 6.940409502175448608e-02 8.488915975320399099e-02 6.942696060114927903e-02 6.409484955571942422e-02 6.250948341129047847e-02 7.837816745719150546e-02 5.356707746903621725e-02 5.074268641747092801e-02 5.565318916677375327e-02 4.514467467710403525e-02 4.747321143542171384e-02 6.738512944101104907e-02 4.533915620638673261e-02 3.318024015168807850e-02 3.798787835164585402e-02 4.236772825567758360e-02 3.088430954313947652e-02 5.670644506866162615e-02 3.453865387831989153e-02 1.521795895840361013e-02 5.895735316896644207e-02 3.294257480044571196e-02 1.847337177837315991e-02 5.345262755636648322e-02 4.422742303991178403e-02 5.886332964518725674e-02 4.400136891190609134e-02 5.268157217626390221e-02
7.658167956265993226e-02 7.225945204052042214e-02 7.021697621264921807e-02 8.524342248309180192e-02 7.080596319980969611e-02 6.502909251385302625e-02 6.370078967078773857e-02 7.859825398732844803e-02 5.502120010032207631e-02 5.138531946903013292e-02 5.654982461758439882e-02 4.611146248321640329e-02 4.818602613090883224e-02 6.865412151395977602e-02 4.552852737316870346e-02 3.318786608251489412e-02 3.897548592321964378e-02 4.373344974615722691e-02 3.176048299946776510e-02 5.843397228086688600e-02 3.531610496048198655e-02 1.620450266315875965e-02 6.004133254226440286e-02 3.492449696527621938e-02 1.953668021098708962e-02 5.411987466199397190e-02 4.541564079442839130e-02 6.065869331704965006e-02 4.510555796503412651e-02 5.339597306840460078e-02
7.609753739173052978e-02 7.165406684920405667e-02 7.038557468096406922e-02 8.523950898569454537e-02 7.030503642975771683e-02 6.450691525800245074e-02 6.393215530942919500e-02 7.838535171709537508e-02 5.459768096887263056e-02 5.108166679551651157e-02 5.644311251093281356e-02 4.622045201885160992e-02 4.753064929970785002e-02 6.844018848587163362e-02 4.566986743733369991e-02 3.336244541150668041e-02 3.846725083978386195e-02 4.327457238501519754e-02 3.132550894992691681e-02 5.721399688736195088e-02 3.502406368003585513e-02 1.564237501773479977e-02 6.002454792674383199e-02 3.407697629836325959e-02 1.903520114670120833e-02 5.382986132137945745e-02 4.520848788402709317e-02 6.071238782084131813e-02 4.489153025925896046e-02 5.347742580684267111e-02
7.612458815743394780e-02 7.155124118222877527e-02 6.982138095380019394e-02 8.495630773117524015e-02 7.069445232091764453e-02 6.369571904894000269e-02 6.340931233125024491e-02 7.822202097483454963e-02 5.411663645026631997e-02 5.029900282018395785e-02 5.603158833099719516e-02 4.559777527829345090e-02 4.793042281590853548e-02 6.767957365745003173e-02 4.549951720833478319e-02 3.334995776700333536e-02 3.809058436023526895e-02 4.203956439784439780e-02 3.148105291519565085e-02 5.693131045764809883e-02 3.452966791700662341e-02 1.551102198235110308e-02 5.978507201522953451e-02 3.340505507502777860e-02 1.888202829420881912e-02 5.379590988705773569e-02 4.497278806646942684e-02 6.006933756224341892e-02 4.461784062965001851e-02 5.282474955462257427e-02
7.563983541499830210e-02 7.164818906381587027e-02 6.961351251834679843e-02 8.544006791227998221e-02 6.950141632164141825e-02 6.409530151209752447e-02 6.241091415723376556e-02 7.949064503581793062e-02 5.383895557773055174e-02 5.073357532720912388e-02 5.652246447562303544e-02 4.541386166751237852e-02 4.874543009705289975e-02 6.843167081768752880e-02 4.568999876336388155e-02 3.353712914853979044e-02 3.841870963106064352e-02 4.320998708555867651e-02 3.128565393642457337e-02 5.757803603078581745e-02 3.448627131414294666e-02 1.591732818606672595e-02 5.972277949291804333e-02 3.365030139102342943e-02 1.924330385643369112e-02 5.354477099019661068e-02 4.507472149822167040e-02 6.045926650649668943e-02 4.467574525742490366e-02 5.279036523464819552e-02
7.570566167634629196e-02 7.190419675494474916e-02 6.936583957738040596e-02 8.522136952078529504e-02 6.909471519273102658e-02 6.526112470864342541e-02 6.252489429434460178e-02 7.860055394256004746e-02 5.426666399850921252e-02 5.117397384229027679e-02 5.663781939092515927e-02 4.586474355368963529e-02 4.757769281547652440e-02 6.818830998008929001e-02 4.582852165759954133e-02 3.352269456404588510e-02 3.812429822227869636e-02 4.310604044295729409e-02 3.129713649882726045e-02 5.704575400043720990e-02 3.488719884125224269e-02 1.594932554615891007e-02 5.948005746836138030e-02 3.412735764538732397e-02 1.930001334653841383e-02 5.418529395174154217e-02 4.576373785358178736e-02 6.021593902763378026e-02 4.452780177005788431e-02 5.324860984621526683e-02
7.627239444259181766e-02 7.241760359682913872e-02 6.984243924229494027e-02 8.488735162859173400e-02 7.077986518753931477e-02 6.424876143083713131e-02 6.333245582924584838e-02 7.868022772354033023e-02 5.437187861740566674e-02 5.129900787645969018e-02 5.612640216928044268e-02 4.575973991695958532e-02 4.750006619486280002e-02 6.808164107373437801e-02 4.531298299680930342e-02 3.301986966626779818e-02 3.800409467352938719e-02 4.276028869902859242e-02 3.124109501919791754e-02 5.696875241824317371e-02 3.447927120686200553e-02 1.557710559754399426e-02 5.935934878773529988e-02 3.333143393514115260e-02 1.887863937536149450e-02 5.378494987528981142e-02 4.465738694892129601e-02 5.929815330223853209e-02 4.493397410368382694e-02 5.269079669997678295e-02
7.667546929874236028e-02 7.308236614035479306e-02 6.974304919361262733e-02 8.672530249075682818e-02 7.069948109396806402e-02 6.508102755821543184e-02 6.375541512267934863e-02 7.993750708664393301e-02 5.418735509812488971e-02 5.173136200624917080e-02 5.724560482137253103e-02 4.615242562054477915e-02 4.904882147641176360e-02 6.974897148037229044e-02 4.682976990109244397e-02 3.446919736513232024e-02 3.880840246289718465e-02 4.390329207951770840e-02 3.218158837519391469e-02 5.859445417942454881e-02 3.527323811219496008e-02 1.655961357833879433e-02 6.099602237993773102e-02 3.455976850372755038e-02 1.989899434518038746e-02 5.479895040125315475e-02 4.626698398769191201e-02 6.099485398397996860e-02 4.603387105598688578e-02 5.367230867651029413e-02
7.519569292788297332e-02 7.175955068620254451e-02 6.952205497634755815e-02 8.525815022958882494e-02 6.961868098251855486e-02 6.444320272804793248e-02 6.250963666227615789e-02 7.807976756157808396e-02 5.436595627162743583e-02 5.054011457722573653e-02 5.556385792412044111e-02 4.562758064103622502e-02 4.765276312301836015e-02 6.778078242025475930e-02 4.500804418282378094e-02 3.294463504808886611e-02 3.805655663395013377e-02 4.253023746756756651e-02 3.136113620366209886e-02 5.711732169875949339e-02 3.416475444900335390e-02 1.567268135100041704e-02 5.925618013813638285e-02 3.402648486821346907e-02 1.895167101097827711e-02 5.393248460433452962e-02 4.510447262775674204e-02 5.947303245350887835e-02 4.396006975450417187e-02 5.303960496990667295e-02
7.602792421632154074e-02 7.240135615160081528e-02 6.994524175042871050e-02 8.539869235868247088e-02 7.089698694172286153e-02 6.447013141708346495e-02 6.290160222364304943e-02 7.843710994636676759e-02 5.438338427640054817e-02 5.069099172244762030e-02 5.622342030084892528e-02 4.592381342879026107e-02 4.767187593391852829e-02 6.801648879039801088e-02 4.564003564468821494e-02 3.340168062861037512e-02 3.810469053360110436e-02 4.283291165387037580e-02 3.107092825704382832e-02 5.742857214354524231e-02 3.463691534999968624e-02 1.582469750986614798e-02 5.961283012359253064e-02 3.407937546137462803e-02 1.931200223164308838e-02 5.393528183287221722e-02 4.499065597667550875e-02 6.000052372472541862e-02 4.474039263357809659e-02 5.306128368444484877e-02
7.618037603588545537e-02 7.256371150532769931e-02 6.917416877991922064e-02 8.515733156832583362e-02 7.088247589598317688e-02 6.509666680308923148e-02 6.291575019584216832e-02 7.862294505391753674e-02 5.461285031545193291e-02 5.112847886655291774e-02 5.585142359071770812e-02 4.592723999736314511e-02 4.792264448206484673e-02 6.778015412759996750e-02 4.542073960513759445e-02 3.306108585791367460e-02 3.861711748923690735e-02 4.239844766739553350e-02 3.105577174414175801e-02 5.763951940046174727e-02 3.447822369505271212e-02 1.590016469289734502e-02 5.947240307899548384e-02 3.430577394215150733e-02 1.925342357307346930e-02 5.338547931538162317e-02 4.519201021539043239e-02 5.986660924508235837e-02 4.460722404429340315e-02 5.272597929533784367e-02
7.656302036127327071e-02 7.276553884512670933e-02 6.974413875114393591e-02 8.519962603685371505e-02 7.039158310765358806e-02 6.417798525060858239e-02 6.330835706719684097e-02 7.926067337885189801e-02 5.351736307374110879e-02 5.091261038806216277e-02 5.689602552541561664e-02 4.603146867527341257e-02 4.854157438007611347e-02 6.881485874386328305e-02 4.622909031143906944e-02 3.428055714682498589e-02 3.864192864364479618e-02 4.378478113964323626e-02 3.204317770934173026e-02 5.809988973592261630e-02 3.519871880913560958e-02 1.619111837044373559e-02 6.070815043342747686e-02 3.398880534255477315e-02 1.962930980497556988e-02 5.433814190902674923e-02 4.566895232699685891e-02 6.118557046429451418e-02 4.514249592705477099e-02 5.357830878760472260e-02
7.722475753677260357e-02 7.352395170189840456e-02 7.073727666250739787e-02 8.598974967006478565e-02 7.139162687019151576e-02 6.673050722704365612e-02 6.402787164881118542e-02 7.978555341026405401e-02 5.623364668531083410e-02 5.323669445536216571e-02 5.700577062912470794e-02 4.710678212517782626e-02 4.887811395900021338e-02 6.947061200391591029e-02 4.698710992028676259e-02 3.483018153509531700e-02 3.947721919752478215e-02 4.399431070868287108e-02 3.236474384093712686e-02 5.929817085596233994e-02 3.615876401049034072e-02 1.684067189452065350e-02 6.057858241968983037e-02 3.514583184455322140e-02 2.024408153093171236e-02 5.481942883732804361e-02 4.677971218460275082e-02 6.053968983575863660e-02 4.560896484417087393e-02 5.449666963666821573e-02
7.669718560795857343e-02 7.140897599414541830e-02 7.002142845525272108e-02 8.493142528796537860e-02 7.064653363364481464e-02 6.414409360127049098e-02 6.245171681441430422e-02 7.796706684112253427e-02 5.438621376176477895e-02 5.121809300016977318e-02 5.622553353885750838e-02 4.562042969823032479e-02 4.746233834949942221e-02 6.779310120977388721e-02 4.541302351506182333e-02 3.304984882866701668e-02 3.811023414020509037e-02 4.277393813282426294e-02 3.129667376775158161e-02 5.697271544936688414e-02 3.454599382284628817e-02 1.550258768048173863e-02 5.903856684831465529e-02 3.397434777417096541e-02 1.888983563571233759e-02 5.386560520743355340e-02 4.551159624429423900e-02 5.982954947818486247e-02 4.452353221177007825e-02 5.288957350500567145e-02
7.570605319318435278e-02 7.264373352417319296e-02 6.987553807263502392e-02 8.493125757902220130e-02 6.996273434154653970e-02 6.514976770616698332e-02 6.390432384153132972e-02 7.913985707123538660e-02 5.469705155236459504e-02 5.128385110278177450e-02 5.656839981415595631e-02 4.598618201169424324e-02 4.798492990789249291e-02 6.815746481715034832e-02 4.579172119749364001e-02 3.345674046912616717e-02 3.792822148360608381e-02 4.288105479983483903e-02 3.133157783096907067e-02 5.756844907174452075e-02 3.432892889261252023e-02 1.578487537339867686e-02 5.967398394162382047e-02 3.422966738154320510e-02 1.911178701400029212e-02 5.389794920370416520e-02 4.512114639196607158e-02 6.018276208149453410e-02 4.437517392452727805e-02 5.259705809045689406e-02
7.617923024412132094e-02 7.148825392931579259e-02 6.964175957863938393e-02 8.517798577621427114e-02 7.076609772502795437e-02 6.492671854987364100e-02 6.283712398483487505e-02 7.933254241645615323e-02 5.458703007100806914e-02 5.093446627614017785e-02 5.625848883477857498e-02 4.567346582377362907e-02 4.870387033545542366e-02 6.848722334618129182e-02 4.553109845309810666e-02 3.305599024686323162e-02 3.825930065564842053e-02 4.247604726560050281e-02 3.135549525336589483e-02 5.700092442350523925e-02 3.460185871940391067e-02 1.579331132017802730e-02 5.904672706220637224e-02 3.428396808790834527e-02 1.915043563588492148e-02 5.372971081894606371e-02 4.524525417925540083e-02 5.998213707628607949e-02 4.451524581042631823e-02 5.260425226563292256e-02
7.683114193323747898e-02 7.165199202474514806e-02 6.928722135217801892e-02 8.486962820960863851e-02 7.015669208118957556e-02 6.418735229785044183e-02 6.171384151640468829e-02 7.856294745953640302e-02 5.414114802130498560e-02 5.092449192202108676e-02 5.585794619537498562e-02 4.564334977922612779e-02 4.772523680445983629e-02 6.843522850719585549e-02 4.570858176734793332e-02 3.329476532283948131e-02 3.813744496895932201e-02 4.255991424393901212e-02 3.076877436533997923e-02 5.674337720251232398e-02 3.478649259248545178e-02 1.556602485116620471e-02 5.937552894550446325e-02 3.309973194833393251e-02 1.891667140972552730e-02 5.350304465386468422e-02 4.465988880599169875e-02 6.014443318109563563e-02 4.476499680367762579e-02 5.302265170270503702e-02
7.766392106731867528e-02 7.209864417896882927e-02 7.047301768991687254e-02 8.577177276121972227e-02 7.128151852395836485e-02 6.573430981611450008e-02 6.319995300852809805e-02 7.993578525684164049e-02 5.551204228404227337e-02 5.250194025103605000e-02 5.742175293155993288e-02 4.706612765208673110e-02 4.887851236351714590e-02 6.869731728725492204e-02 4.679114170009057716e-02 3.455543201687127919e-02 3.931374246716901055e-02 4.391037296475630569e-02 3.196495843491975464e-02 5.800913196570656183e-02 3.575467858166980761e-02 1.634423037090781961e-02 5.979090055186508934e-02 3.368740093037825289e-02 1.970326888506024332e-02 5.457786112518148158e-02 4.608512631456651576e-02 5.995807880027070880e-02 4.504641286650867826e-02 5.402564159472600380e-02
7.607772089353925793e-02 7.220858669789720352e-02 6.986405751093238692e-02 8.485065635233812742e-02 7.001913014925875700e-02 6.472369890575357942e-02 6.297648586524973169e-02 7.873168690752807564e-02 5.439977494662606716e-02 5.144332919688743289e-02 5.693246599226409188e-02 4.595460577327470375e-02 4.843511267194111625e-02 6.858095486546389452e-02 4.592951473341733148e-02 3.362808309392928408e-02 3.817389325637243758e-02 4.354767906429879432e-02 3.140409312426983846e-02 5.795250175907096235e-02 3.470054149437906688e-02 1.617616925015852303e-02 5.980309097834179966e-02 3.394036087632068543e-02 1.946917406866166544e-02 5.377296754056670736e-02 4.489346809222682921e-02 6.078654647438730407e-02 4.459910852103110557e-02 5.318145046440658774e-02
