3.731438388177077403e-02 3.545127681405194076e-02 2.606941623155958898e-02 3.406715046648188527e-02 3.691424600371615017e-02 4.263015327710045765e-02 2.593016291462038603e-02 2.751877828079854482e-02 3.716015326943086783e-02 2.980216681784467192e-02 1.253961463227212803e-02 2.238990849899144542e-02 7.202307772967125876e-03 3.112089938668352596e-02 2.388460806620654187e-02 2.796892969653269612e-02 4.732494205771543838e-02 3.840301755300318254e-02 4.474860600908173169e-02 4.826002374916271709e-02 6.370914055690088396e-02 6.484353956194979784e-02 6.518782235790600288e-02 7.044106757620871573e-02 6.632227969306389581e-02 6.819648792151151995e-02 7.203748529130279965e-02 7.021458382755439709e-02 7.021337987516877710e-02 7.922658100718639462e-02
3.718378317575760095e-02 3.526376085245555569e-02 2.600529191776754234e-02 3.353159702467944925e-02 3.685870265593625683e-02 4.260284129016081445e-02 2.647185900546425441e-02 2.732192961589410829e-02 3.695704380929068500e-02 2.952307197724993171e-02 1.255381973446492716e-02 2.221395254234972971e-02 7.117950567969488773e-03 3.105745044069979643e-02 2.341081144063103525e-02 2.768023568199354245e-02 4.710165731399101885e-02 3.822690825818872429e-02 4.421544370412877623e-02 4.796112137789990126e-02 6.400318771144655750e-02 6.509138808162134859e-02 6.517382813161927413e-02 7.093483509050264868e-02 6.666511634373004092e-02 6.802305154928171838e-02 7.193891732074816914e-02 6.956708034906511351e-02 6.979433364087171687e-02 7.939505673949424913e-02
3.730015083393295461e-02 3.588516927988918970e-02 2.622967760871233733e-02 3.406652967536161203e-02 3.724018095431602671e-02 4.279705942131904750e-02 2.660731618472664262e-02 2.764713911679697600e-02 3.738509218689736735e-02 2.977955730984196969e-02 1.277177916829755344e-02 2.245126520626083977e-02 7.438945401276125802e-03 3.119130591955746046e-02 2.363518687748167313e-02 2.783180055921072316e-02 4.703665375141330429e-02 3.853734667716873785e-02 4.455124550754144264e-02 4.788825711716232503e-02 6.353689211275048709e-02 6.525352587069029042e-02 6.469020651826035140e-02 7.117513846392446719e-02 6.663290999468492182e-02 6.723946779694708886e-02 7.147461071409907940e-02 6.939863048599620443e-02 7.004615373092477892e-02 7.954818825770243462e-02
3.731081111911697945e-02 3.617611779401433414e-02 2.580752083153095566e-02 3.378006046606873980e-02 3.686791852129536751e-02 4.254551014234451978e-02 2.613259083198835042e-02 2.759780286809118688e-02 3.744420582885142623e-02 2.968564616337751594e-02 1.258450058510129921e-02 2.244128319569010932e-02 7.224070810758070893e-03 3.094023947461238544e-02 2.354890565381453915e-02 2.748672980229643903e-02 4.643931741339997477e-02 3.828079664297523443e-02 4.412568504257738389e-02 4.856631441727191079e-02 6.396905761389219680e-02 6.515835577741146967e-02 6.557931356315818694e-02 7.105223186509444788e-02 6.658192587378078398e-02 6.789579852282497108e-02 7.172882572748527641e-02 6.973030248800463071e-02 6.975860364530180047e-02 7.959506794918691508e-02
3.730741138111884347e-02 3.510366969933990944e-02 2.595814641887050911e-02 3.332285376261646948e-02 3.688145514735120811e-02 4.200005217174301864e-02 2.585671793291988152e-02 2.763697001324935676e-02 3.674867440238263616e-02 2.946011873178180918e-02 1.255632584027768783e-02 2.217783973605805259e-02 7.367614832782670709e-03 3.094358804691266229e-02 2.400170525746450623e-02 2.770719877978486401e-02 4.643609869344778041e-02 3.851199783026434953e-02 4.412993144063398487e-02 4.823453536310784440e-02 6.362305678362345507e-02 6.488334095415738967e-02 6.545149498790578391e-02 7.110002827611791587e-02 6.632348915344257745e-02 6.832539368759246723e-02 7.236108697154949865e-02 6.965454201141839385e-02 7.006969703563817320e-02 7.911990817082494021e-02
3.657333650434430039e-02 3.445762654712961059e-02 2.504489282348523749e-02 3.344171986699787102e-02 3.693710648425824195e-02 4.293431888973461841e-02 2.645899729263886946e-02 2.768057026280992816e-02 3.733556728830393634e-02 2.964043530147206229e-02 1.242937920892081549e-02 2.215329951868441616e-02 7.132270664568091112e-03 3.079084252750016737e-02 2.353580669990151808e-02 2.739427526888599251e-02 4.668739247176145746e-02 3.863084315944242952e-02 4.421406578955142108e-02 4.787692162201068191e-02 6.327775886527503557e-02 6.409616304293380695e-02 6.458345216506983233e-02 6.992567350876970067e-02 6.579104828297034635e-02 6.808087549844803188e-02 7.182173091713993374e-02 6.924017040597282846e-02 7.009501595560850562e-02 7.920015543153882676e-02
3.711703969729207575e-02 3.555714327723796808e-02 2.600087578487700335e-02 3.329142111538943571e-02 3.712167142238900763e-02 4.291321465285029280e-02 2.639252325998514559e-02 2.746768787149161950e-02 3.684102174077322212e-02 2.975390303521222024e-02 1.249055456434713940e-02 2.200980973256105866e-02 7.109774368582344461e-03 3.082875617566854798e-02 2.339981589528802863e-02 2.756950404081656703e-02 4.673856668835217609e-02 3.821415935404523512e-02 4.408941914062469714e-02 4.748875268063740274e-02 6.347489208132919836e-02 6.446319737964367746e-02 6.453719739911201181e-02 7.048346402827398993e-02 6.567773786548068704e-02 6.747151180643069790e-02 7.228829809148376584e-02 6.910425315661751500e-02 7.021173479925731098e-02 7.988294680321914032e-02
3.736268304095372028e-02 3.573977453121851555e-02 2.639867886694016730e-02 3.403853440853524259e-02 3.734881162544213817e-02 4.277361418843510232e-02 2.648864658951077811e-02 2.770479289554769742e-02 3.715887039726351038e-02 2.963915614167911272e-02 1.273195398144644219e-02 2.224680026432615532e-02 7.307400386236145851e-03 3.102600732035859510e-02 2.379128600765359480e-02 2.752009510061503850e-02 4.679889004041037914e-02 3.837847858728911377e-02 4.383868914786501203e-02 4.815061709938675549e-02 6.357477013497908613e-02 6.468283460078734504e-02 6.522728821434950475e-02 7.033741146660535404e-02 6.631727285827386520e-02 6.774194525946579393e-02 7.174085964956442019e-02 6.942554317316733392e-02 7.009831263479998631e-02 7.975975224819197018e-02
3.765235500392280499e-02 3.540929298364367539e-02 2.645359887925574638e-02 3.416937435367503606e-02 3.781467228249768553e-02 4.293728861663068108e-02 2.642814142058416693e-02 2.749536768427929267e-02 3.771921597766557388e-02 2.960348808120966124e-02 1.276107985176638815e-02 2.207832587711502925e-02 7.198292134259681729e-03 3.053727828835101077e-02 2.351648445772461238e-02 2.774126364250603660e-02 4.711536139629668440e-02 3.783733601393296508e-02 4.418960342411765163e-02 4.775271841764844316e-02 6.363037768035162411e-02 6.460095062436947699e-02 6.434442972888886059e-02 7.110413529341386152e-02 6.605101359097362290e-02 6.790714801362528197e-02 7.190474847797767577e-02 6.849014791452522066e-02 6.955999088599337798e-02 7.960369411424668418e-02
3.710975204654312631e-02 3.576564528157555323e-02 2.597194368407268472e-02 3.343101380110719001e-02 3.694717518372904463e-02 4.289479695910368429e-02 2.692928424322088565e-02 2.716159783420279972e-02 3.730382420220407225e-02 2.995740392028095611e-02 1.260375190272208790e-02 2.243576355316198589e-02 7.338763217730387423e-03 3.105163611004890800e-02 2.400201838577975533e-02 2.794159966681011853e-02 4.728408878527201598e-02 3.857785241009055455e-02 4.450058875669465897e-02 4.807807086706741839e-02 6.439670736420863295e-02 6.490147620360964265e-02 6.530930414046591526e-02 7.065867632561323441e-02 6.608389809464375320e-02 6.873098811576747180e-02 7.266540487751993460e-02 6.987941258962619695e-02 7.031081281337492328e-02 7.923108399516620715e-02
3.741178413844004069e-02 3.578069992321963877e-02 2.643288677509461615e-02 3.383489256240920784e-02 3.691482838578799552e-02 4.259641888927892528e-02 2.597972528702882644e-02 2.768574328236886317e-02 3.729341031249057414e-02 2.941152328762333679e-02 1.237170958235012108e-02 2.233988910776829595e-02 7.153789261606563477e-03 3.108630656795087488e-02 2.316634163869188412e-02 2.767683974020551663e-02 4.673892491665154747e-02 3.851386426352082504e-02 4.398542605618525891e-02 4.756768908695735432e-02 6.385476988317451141e-02 6.489918755708590226e-02 6.474616472921376764e-02 7.116938883328537135e-02 6.603549827357096946e-02 6.760491506390875482e-02 7.149683011462491800e-02 6.945957964017950015e-02 6.913988759576922272e-02 7.968322594505461431e-02
3.747086462548068764e-02 3.565131266486651351e-02 2.583477885066071122e-02 3.404664319009201301e-02 3.688903328384898761e-02 4.302469953858378826e-02 2.662474364321010256e-02 2.779858850447006202e-02 3.698283347481434724e-02 2.979639580001347543e-02 1.294944714451584655e-02 2.230791498027445696e-02 7.469061644670510480e-03 3.146209397828504672e-02 2.428003972448514181e-02 2.770586431755692192e-02 4.747081274602354961e-02 3.885363777052183720e-02 4.441032481666327969e-02 4.814124063650052077e-02 6.397794461986433534e-02 6.477633073105143469e-02 6.530848954824280961e-02 7.050418685462510326e-02 6.594139377691903003e-02 6.883195431068521442e-02 7.180858580371608790e-02 7.022787814328627920e-02 7.083740861714395154e-02 7.944017827525408360e-02
3.708041284832722106e-02 3.494500455601250166e-02 2.582606423986463784e-02 3.389903427172277772e-02 3.681407300084781065e-02 4.299906197766636962e-02 2.609067516189525482e-02 2.756259693671542221e-02 3.710077801213797211e-02 2.990460721677409839e-02 1.262462818459833547e-02 2.248220636659861715e-02 7.239527390873523593e-03 3.126584139181454169e-02 2.351895071784987357e-02 2.776117071261732794e-02 4.664905766546065258e-02 3.828482563251442428e-02 4.389535484256963660e-02 4.773567763835567801e-02 6.296952732011425191e-02 6.450742049279575840e-02 6.555995640693115800e-02 7.099828525328601148e-02 6.667702186611867976e-02 6.816479844112244280e-02 7.205876303766275970e-02 6.989244769818871161e-02 6.973489754630202153e-02 7.961717978588749023e-02
3.727902090497731136e-02 3.545064210644849334e-02 2.610036749187674698e-02 3.322207722023895471e-02 3.703399235841978165e-02 4.289284745713224656e-02 2.670600871597395010e-02 2.743893405850930667e-02 3.730660272905408914e-02 2.964164372220065569e-02 1.253614490214527422e-02 2.221517804845582478e-02 7.288789303621839855e-03 3.132739806493403667e-02 2.343236084895236604e-02 2.787504924937225792e-02 4.663931551198174930e-02 3.842613606258457604e-02 4.425457134938994008e-02 4.818002327202830504e-02 6.416360622917263723e-02 6.486510582379440004e-02 6.542280522432138146e-02 7.063866341345885480e-02 6.638674470234709468e-02 6.736659408729175902e-02 7.176435559172793244e-02 6.978689157030129597e-02 7.102332928635246567e-02 7.999193603687028420e-02
3.729285673811401358e-02 3.596740163456450812e-02 2.593955276449685932e-02 3.339385993545176956e-02 3.706029761158972924e-02 4.213014711904970733e-02 2.679871727048352414e-02 2.728174024711524370e-02 3.748275614046246706e-02 2.942212267815857984e-02 1.264440075241052286e-02 2.193828089860552777e-02 7.173552687388617954e-03 3.146552261161431052e-02 2.331564317712156442e-02 2.734694575813292894e-02 4.660617934970084919e-02 3.840283961323186224e-02 4.384551432144236094e-02 4.746240219889526213e-02 6.385568981076591988e-02 6.493408663133706793e-02 6.497980497484057150e-02 7.096665519928074817e-02 6.621500596382033643e-02 6.755459698027396764e-02 7.124929810900038074e-02 6.981676781995051206e-02 7.052718919500364225e-02 7.916557656020810352e-02
3.760595996879291525e-02 3.552249717589181510e-02 2.657769272490531631e-02 3.319623324302065082e-02 3.728445976624136793e-02 4.273293510366300840e-02 2.672982010189314805e-02 2.743016769302350499e-02 3.759936425378271330e-02 2.973159299245597964e-02 1.273405546594821858e-02 2.223499091063338429e-02 7.382794462002656433e-03 3.149160899898126309e-02 2.394547758842321961e-02 2.795690746618872957e-02 4.706260667141493048e-02 3.842390319244992636e-02 4.442086983596948979e-02 4.826998951912939151e-02 6.384520535347151804e-02 6.456371393251797430e-02 6.521969840395398788e-02 7.165091188166722302e-02 6.637069556966508632e-02 6.843847401378590212e-02 7.242504558350683352e-02 6.978538929585599571e-02 7.040237074430864828e-02 7.929662276193066850e-02
3.816692138517903399e-02 3.593310350491439598e-02 2.643732367131249039e-02 3.310779736777937077e-02 3.734372478703743004e-02 4.301648666567670087e-02 2.622909699043676768e-02 2.775773893256835989e-02 3.742557391443784853e-02 3.024392695255581631e-02 1.295508330378108974e-02 2.265296181528050901e-02 7.566910498869150459e-03 3.120363407964418800e-02 2.376404072494503472e-02 2.824191895076894054e-02 4.702710545358430860e-02 3.906111652038943283e-02 4.477467983423197295e-02 4.868165377227215429e-02 6.352861413804318513e-02 6.543055897722921399e-02 6.527588184524957260e-02 7.069121469936452684e-02 6.676480570169480988e-02 6.809895375612574908e-02 7.232952363158040576e-02 6.971631189889200553e-02 7.034814855628684915e-02 7.954799619505278918e-02
3.721985838507477218e-02 3.541683517092515665e-02 2.586186227790299164e-02 3.332094581854810889e-02 3.682738494863069256e-02 4.276547654822074329e-02 2.646509455068227212e-02 2.709056558661682157e-02 3.694502146691257261e-02 2.979165459291713280e-02 1.248049444209323178e-02 2.252580209489268848e-02 7.205964829067545985e-03 3.110471558940380854e-02 2.357853190383807362e-02 2.759106627704324688e-02 4.678892299314793557e-02 3.846062529947291697e-02 4.404306938743227096e-02 4.824188603493256844e-02 6.388610585989601409e-02 6.491015282872322767e-02 6.495218690301113318e-02 7.084535643108856584e-02 6.678752210457267191e-02 6.805075201568673571e-02 7.184668692351420249e-02 6.954365554615198064e-02 7.027375084397433080e-02 7.975722472151337838e-02
3.797024574276169906e-02 3.587303228179176962e-02 2.670880421162818985e-02 3.398187418003670301e-02 3.746984801928673892e-02 4.234004611920143268e-02 2.619000827389600383e-02 2.793188702626162034e-02 3.724600814892517486e-02 2.974809803819611354e-02 1.293980717585302420e-02 2.260394470482940399e-02 7.453417783517518602e-03 3.148293525148504468e-02 2.371320376480298697e-02 2.760758475464214490e-02 4.686697100348291567e-02 3.925364576515305570e-02 4.394649884485236913e-02 4.835240627355302800e-02 6.466520086252461330e-02 6.522372887151425824e-02 6.540293659356892497e-02 7.087656658961119516e-02 6.629839806856165085e-02 6.845615756919141981e-02 7.198881866123714446e-02 6.979835266242009895e-02 6.977203688082418698e-02 7.993780657068534634e-02
3.743078239635851123e-02 3.532495550521685956e-02 2.662065365976090670e-02 3.358859693193520790e-02 3.671871909575463722e-02 4.263019392739909874e-02 2.539760105432845028e-02 2.755963384730925059e-02 3.738051341251738546e-02 2.975329341051277665e-02 1.264431618105044119e-02 2.208731591352922075e-02 7.164331538443646785e-03 3.083779883007478628e-02 2.367616966013177948e-02 2.735251595488344400e-02 4.684375232281451362e-02 3.819856580612614183e-02 4.436729881020662347e-02 4.780262383518152358e-02 6.380609686645710710e-02 6.478091296647101038e-02 6.536507186280421378e-02 6.979628967591222644e-02 6.611217407058954387e-02 6.833552822218667833e-02 7.203009896964235326e-02 7.035996121919406432e-02 7.064981758316921101e-02 7.884987346065328029e-02
3.687065394798841322e-02 3.559640730741175929e-02 2.579851138818550771e-02 3.351727172843102509e-02 3.651403014359135002e-02 4.215869571649888403e-02 2.658892796894135602e-02 2.700800495769184462e-02 3.719389749433840708e-02 2.946963698535892684e-02 1.218964133789754434e-02 2.238114614779326828e-02 7.052404468898293421e-03 3.092729456216816719e-02 2.366835772872991073e-02 2.749312815910259777e-02 4.690294325641244932e-02 3.779744088392456014e-02 4.395176519346197241e-02 4.800915504810636392e-02 6.361018299754084282e-02 6.480223889567747475e-02 6.494647881858145455e-02 7.095086964702151944e-02 6.625875414415398346e-02 6.823763791639637921e-02 7.138549135874593110e-02 6.943647879225599284e-02 6.979253392807638345e-02 7.897422562061361118e-02
3.700944225316069036e-02 3.570479856296077115e-02 2.585768107314204145e-02 3.374900478672887560e-02 3.699166991057382947e-02 4.300276801721718278e-02 2.723965729820795878e-02 2.737690438304510310e-02 3.751963127792065644e-02 2.987926969959914247e-02 1.269962666237600679e-02 2.243255743220456955e-02 7.361351297602236610e-03 3.091951077096358191e-02 2.354656837374069500e-02 2.775521619571791332e-02 4.772243279762700130e-02 3.914954329638042907e-02 4.448307416093652544e-02 4.819684201780424782e-02 6.390125102170562954e-02 6.496429530376596206e-02 6.562647873404210686e-02 7.085886434563472280e-02 6.626022830902587868e-02 6.784855623118632439e-02 7.223012963871434933e-02 6.926824612663315395e-02 6.940742021866547207e-02 8.036837315188280484e-02
3.708888713953822913e-02 3.570133905003296249e-02 2.629254412581108480e-02 3.305988468877407715e-02 3.683866425899118280e-02 4.265500497996153884e-02 2.659668250346819418e-02 2.735728927290748125e-02 3.737628163501068024e-02 2.951930565877550205e-02 1.257576641999277878e-02 2.236369832893705945e-02 7.340318696809233767e-03 3.068514618468209942e-02 2.383366300611519661e-02 2.786032918328229524e-02 4.638472546379862615e-02 3.837605078891956345e-02 4.462510461245430826e-02 4.761681744643375680e-02 6.345744074812983970e-02 6.538581745957613989e-02 6.490126680976621154e-02 7.088955065272363465e-02 6.644496342104014297e-02 6.815753021432627290e-02 7.239710626657490378e-02 6.952155972782063376e-02 6.945355115628848441e-02 7.972634935897675301e-02
3.741977601535526055e-02 3.605016207466645028e-02 2.625672963271566407e-02 3.382925284368473728e-02 3.706383855554488960e-02 4.276064382399347163e-02 2.666927566004370642e-02 2.738200988416683579e-02 3.727424690152464359e-02 2.974317874848500520e-02 1.264477609495437416e-02 2.230773745436587241e-02 7.230977085941531213e-03 3.104587814646934951e-02 2.350357418097798190e-02 2.751781559685248513e-02 4.647148526771704979e-02 3.844302077999822709e-02 4.394524730184350136e-02 4.777593067706477348e-02 6.380180815490826829e-02 6.497690944969052029e-02 6.500099898424471778e-02 7.054845931954271954e-02 6.632627569831837933e-02 6.767850477396281095e-02 7.150388867650020464e-02 6.944304807141718494e-02 7.017382731965898790e-02 7.903075478188092973e-02
3.682881469179652423e-02 3.593804616458493029e-02 2.555116831496187513e-02 3.337418830506738709e-02 3.685737249036163954e-02 4.236818358645885740e-02 2.650490279264619553e-02 2.713781120814082182e-02 3.712672395169555606e-02 2.955065472318688102e-02 1.258391787269469431e-02 2.212839534759025728e-02 7.084221179753324993e-03 3.093436819181857866e-02 2.331074607447661262e-02 2.803180915372771587e-02 4.618664832510344098e-02 3.758701672296765883e-02 4.461201628984612366e-02 4.785039801559809458e-02 6.394960218239531535e-02 6.504124038431310928e-02 6.480623934633938932e-02 7.128623851043276727e-02 6.647149456411420576e-02 6.724712594408302491e-02 7.226266390677982265e-02 6.887404002749349108e-02 6.856214048143918771e-02 7.935058005061908226e-02
3.764231618237046106e-02 3.564850005666006516e-02 2.639603132515072614e-02 3.360404197654444369e-02 3.661528363489160998e-02 4.222429027876845042e-02 2.675425894438196450e-02 2.751472611977959226e-02 3.682703195799816309e-02 2.926431074796922993e-02 1.262125805488600871e-02 2.218053082442361656e-02 7.291404076425922476e-03 3.065229863783092146e-02 2.369342951978248291e-02 2.742271034066920410e-02 4.748554340878460844e-02 3.863731370141913757e-02 4.397719980293721131e-02 4.770567309065198991e-02 6.321244540676604351e-02 6.522112195128162981e-02 6.497087247113161879e-02 7.059195413349711457e-02 6.612614727024856975e-02 6.863018297336774542e-02 7.161792078163703446e-02 6.937900251360161474e-02 7.011767163849305651e-02 7.983208017146768698e-02
3.822051041439775143e-02 3.605239162782915285e-02 2.664430468478226621e-02 3.401876723549293602e-02 3.723147532826553974e-02 4.320029133145772415e-02 2.593281824719770312e-02 2.761520015965870933e-02 3.744725285323255437e-02 2.994124101273601402e-02 1.274430764474662747e-02 2.236505843490152468e-02 7.326777693723085516e-03 3.111133096789170382e-02 2.349696772238765718e-02 2.732417962120375909e-02 4.698964995155105462e-02 3.828356645780976730e-02 4.371662612523144475e-02 4.833581815842304119e-02 6.366273417595776085e-02 6.501674805502588583e-02 6.569101521588369130e-02 7.058390105991563246e-02 6.596230644669447141e-02 6.781743301418645398e-02 7.147476112036880991e-02 6.982830189528593801e-02 7.056731245999801894e-02 7.922655121160575298e-02
3.683507302854877041e-02 3.618247943055100113e-02 2.609371270985338942e-02 3.360472000251074620e-02 3.681589868809082011e-02 4.320784501995132698e-02 2.616712207418395164e-02 2.731888442065963374e-02 3.736196817393805381e-02 2.999782161889280596e-02 1.258510286374081577e-02 2.253347836061317389e-02 7.225812091850442043e-03 3.098808316410764374e-02 2.352880153331493585e-02 2.805499419217433177e-02 4.688786359507492174e-02 3.862088264047416897e-02 4.441359297634384085e-02 4.787815819693397312e-02 6.383578003318626792e-02 6.592544817655120182e-02 6.481223965649703100e-02 7.103425219377147715e-02 6.675748555623799152e-02 6.802226341986258862e-02 7.227838313764144151e-02 6.927978356779582181e-02 7.002269802530955434e-02 7.989838215576555713e-02
3.752211455204140789e-02 3.585101047429040122e-02 2.688089253586248284e-02 3.351878896005744402e-02 3.719335667934958733e-02 4.245095118524885858e-02 2.675692688884179216e-02 2.729861228774455029e-02 3.719488246081284477e-02 2.950724639436105856e-02 1.279464895251206102e-02 2.255698865500480044e-02 7.318611728244134307e-03 3.082020592781323232e-02 2.342464863379592477e-02 2.806193761974018486e-02 4.669367081251281359e-02 3.835539850453723032e-02 4.409062409599134869e-02 4.796985598689121333e-02 6.318898858386068351e-02 6.450315807968497184e-02 6.528331548545251994e-02 7.144030902603015765e-02 6.575187026431186799e-02 6.783201369304554806e-02 7.145812152108814430e-02 6.977802727587906206e-02 7.007374473642545565e-02 7.990605680823667512e-02
3.706872057885193805e-02 3.554307338749279621e-02 2.603798665372952792e-02 3.380349028669651923e-02 3.700187379705724422e-02 4.301108268158850001e-02 2.621383792723336326e-02 2.782393803331459359e-02 3.760953173467787569e-02 3.009365778982531214e-02 1.260200374691580749e-02 2.233009419993151057e-02 7.242540289206816917e-03 3.131359544537160033e-02 2.349729779446246836e-02 2.768404854853920294e-02 4.679330877250739706e-02 3.818009616453366117e-02 4.443881330901416904e-02 4.798256157644589792e-02 6.383966577411553933e-02 6.504384375402105789e-02 6.437614832485594185e-02 7.123787507832261834e-02 6.653795367887897771e-02 6.741141252281453167e-02 7.236768127493974079e-02 6.905994160978326524e-02 6.973342138963085912e-02 7.948690938650665450e-02
3.693815755829288339e-02 3.558292746460763045e-02 2.599063389790609579e-02 3.387866214826402989e-02 3.694440817480426631e-02 4.291386527166995979e-02 2.652747079612502445e-02 2.782717726032557515e-02 3.709142776111645778e-02 2.985147359050824289e-02 1.256621390544290784e-02 2.232274553592550337e-02 7.198278908239597040e-03 3.130397173805531119e-02 2.374423455138863215e-02 2.766838837816923413e-02 4.736840910425396678e-02 3.834808337972707426e-02 4.435086717575731363e-02 4.823530924916996643e-02 6.355104202245767664e-02 6.476095656101871212e-02 6.521950120374631066e-02 7.089372056300174973e-02 6.648864698690395980e-02 6.819630829687407803e-02 7.174048320714479510e-02 6.924972891885591841e-02 7.025546231765292249e-02 7.997528728889077843e-02
3.791195426226651177e-02 3.623226449057781462e-02 2.643120587276848177e-02 3.354779700401830378e-02 3.762715585762338444e-02 4.319622735249128986e-02 2.632949310060980763e-02 2.732830296775648482e-02 3.749901713312700502e-02 3.031704525836811936e-02 1.268946380268967666e-02 2.257260597771618138e-02 7.218110137882094435e-03 3.137207480706155627e-02 2.331571284672517841e-02 2.810036738721152783e-02 4.714605709090537167e-02 3.928203531088216016e-02 4.456991357610864957e-02 4.777254609287506781e-02 6.393831646480432895e-02 6.453384972905414074e-02 6.515128949214517295e-02 7.123941328317601185e-02 6.605804676777066176e-02 6.841688986765297187e-02 7.171484585068199635e-02 6.979834750943031407e-02 6.976470388725397598e-02 7.993195505746654439e-02
3.762067474782138099e-02 3.571139206180856673e-02 2.610093320966941355e-02 3.385817353096318150e-02 3.687982648690135701e-02 4.325254633048512820e-02 2.600429017918301500e-02 2.738728383929348031e-02 3.688928722065501487e-02 2.994501786495623596e-02 1.260366836702214721e-02 2.269940736395972825e-02 7.212357941618147139e-03 3.079566921221243980e-02 2.339957663654343434e-02 2.816741285138954498e-02 4.687311808690799997e-02 3.845907575467361061e-02 4.451589546821221877e-02 4.805918337795153650e-02 6.353183711301205183e-02 6.498562641385412231e-02 6.502153141787055113e-02 7.112182128130710435e-02 6.606038115980336634e-02 6.756955483360908843e-02 7.211328353190192553e-02 6.959862855032200590e-02 6.901581535345992224e-02 7.931791340138540092e-02
3.722315748032270499e-02 3.590372425413176916e-02 2.599594881645805877e-02 3.367352797539725773e-02 3.684225288251687103e-02 4.300408254599449864e-02 2.654932031856252483e-02 2.726153901688954662e-02 3.714077801605542017e-02 2.980332558955006705e-02 1.270784511163436381e-02 2.228239033013415527e-02 7.286071091242601883e-03 3.116825444502768772e-02 2.366159244139881546e-02 2.771639377078444211e-02 4.680951066593250220e-02 3.855964489496130354e-02 4.406119612768379101e-02 4.833363238997841205e-02 6.412314093820792316e-02 6.572191748952546653e-02 6.519693895637267145e-02 7.122442656526252469e-02 6.678431331106787772e-02 6.793634393142990169e-02 7.210480890705352197e-02 6.937532563032076938e-02 6.987504046929299273e-02 7.943389639294018423e-02
3.749390619474385344e-02 3.589920830086738845e-02 2.648610140991594641e-02 3.370769757829299162e-02 3.680635617966078466e-02 4.292089055659203956e-02 2.630436035049038557e-02 2.714222207152058863e-02 3.697443411993565909e-02 2.977691198126625194e-02 1.266982728418100668e-02 2.231989986270951909e-02 7.107515289522831070e-03 3.074353752685443641e-02 2.336600066345448368e-02 2.775426346241635644e-02 4.694918958131777398e-02 3.857488124886039593e-02 4.399591437725222653e-02 4.833065994111807040e-02 6.384204736466100871e-02 6.493529399004652203e-02 6.543164702212531103e-02 7.163840273178118112e-02 6.644030688052335321e-02 6.759767952193619645e-02 7.182786150571204842e-02 6.970176113027354292e-02 6.983031535456195316e-02 7.969343560657272951e-02
3.760732656619736325e-02 3.535282054610743019e-02 2.616859335026239242e-02 3.321259243141271023e-02 3.713656496530179374e-02 4.256268429935607112e-02 2.679166882863473487e-02 2.702398870049471657e-02 3.738331739146293076e-02 2.973236344079760451e-02 1.258247655858296676e-02 2.220467909978318666e-02 7.183458371726764158e-03 3.077105954764436380e-02 2.337215127498279421e-02 2.759506305559683570e-02 4.708388010459721440e-02 3.836854586247170906e-02 4.422711242289989464e-02 4.815286977246702182e-02 6.412894720235029489e-02 6.492374133255518487e-02 6.481479829336106446e-02 7.065260732555728174e-02 6.679688066419012249e-02 6.778511048695834429e-02 7.200085868194540384e-02 6.912285048349318950e-02 7.067058550414505314e-02 7.872449534146537531e-02
3.723667388845666726e-02 3.623686501012549077e-02 2.620391561874316211e-02 3.365338461424272065e-02 3.717285283056731560e-02 4.270151300045632592e-02 2.663125485803782833e-02 2.757040099023794211e-02 3.765483664724478263e-02 2.987605603157000855e-02 1.251226622622572671e-02 2.257063112927809589e-02 7.260517753023110199e-03 3.100415638036527199e-02 2.370978126998476987e-02 2.758873176789211623e-02 4.695551703772320173e-02 3.869515858615180104e-02 4.413573852410680731e-02 4.823319767005168623e-02 6.380671875201271437e-02 6.453243863414470649e-02 6.559826998879823845e-02 7.133271251357201082e-02 6.592035442360451303e-02 6.875430637397629552e-02 7.201326117173420527e-02 6.991103728754949342e-02 7.009606746198115967e-02 8.003152106814133415e-02
3.735268576914813066e-02 3.607657790801263586e-02 2.644476666146722277e-02 3.373661178916045889e-02 3.698060195590932575e-02 4.295398185190341112e-02 2.667833284340218047e-02 2.763605143621564175e-02 3.724150393959566041e-02 2.974298970312294621e-02 1.280313583442274639e-02 2.237748414295887001e-02 7.392581545602489035e-03 3.104442301285634254e-02 2.371661493942864296e-02 2.794640882320725828e-02 4.706696469765148105e-02 3.873378590983585223e-02 4.431422343264981856e-02 4.744759935948614227e-02 6.319666007749505376e-02 6.539746049364217328e-02 6.466064921006892119e-02 7.183681053711710174e-02 6.677174859842341381e-02 6.794772710554747297e-02 7.212734809537306446e-02 6.888741680307315651e-02 6.966397889058051351e-02 7.971118262430719470e-02
3.715494549559947290e-02 3.578357493761134822e-02 2.594912505508814582e-02 3.408371904106374806e-02 3.695301253428431854e-02 4.238097325723860775e-02 2.670083208574200451e-02 2.762510555164968129e-02 3.699430813833187726e-02 2.965808635903041668e-02 1.257572477860541271e-02 2.241012457152083415e-02 7.292728822574173764e-03 3.104637541811601509e-02 2.330827192649154167e-02 2.762195449708879091e-02 4.684545109025034515e-02 3.893370201905203831e-02 4.390295467822413755e-02 4.851570747260133820e-02 6.423373205658777785e-02 6.441408813781963894e-02 6.508579696532593162e-02 7.068575298255418138e-02 6.580380353809313354e-02 6.756717662303904359e-02 7.139445530189243716e-02 6.958759811087347757e-02 6.998536970378285704e-02 7.941144557881327226e-02
3.695625551908462980e-02 3.538921729143298944e-02 2.599778956313053557e-02 3.366517805569069210e-02 3.705072274094872720e-02 4.275904934690741288e-02 2.592997337059660401e-02 2.754570289008989592e-02 3.719386830977214342e-02 2.970643696745250972e-02 1.277291456179260876e-02 2.240018013515512885e-02 7.453360927577423745e-03 3.127698993763997071e-02 2.377499506745081592e-02 2.795824133648855403e-02 4.703883275310112577e-02 3.878538257900687736e-02 4.419424218947116956e-02 4.806834812034445348e-02 6.451784368257822144e-02 6.559233433745592645e-02 6.535402584430438644e-02 7.112440627506101676e-02 6.683168940995763696e-02 6.824403522690121460e-02 7.148313693581566375e-02 6.965834356048558607e-02 6.997568169370564639e-02 8.007654663549385043e-02
3.828487918986281380e-02 3.633636402760209716e-02 2.704207680257036950e-02 3.368176438312978083e-02 3.741233400276516852e-02 4.335970556610949100e-02 2.735767056234575390e-02 2.769672517026575131e-02 3.751724915351856149e-02 3.007413514161297319e-02 1.283361056372739339e-02 2.249685733378406494e-02 7.558815393431339569e-03 3.133882363699437568e-02 2.409106700364660458e-02 2.796692132327804892e-02 4.727919441667835510e-02 3.888282375567538030e-02 4.386080501531403053e-02 4.847915069224112417e-02 6.391350930844205691e-02 6.508664468235045297e-02 6.511803606098395814e-02 7.102948970451627986e-02 6.585698565896315471e-02 6.855537178694803835e-02 7.176152638207461409e-02 6.942808173488863865e-02 7.034505859028734875e-02 7.933462367722476927e-02
3.783732914440751660e-02 3.574545728457717564e-02 2.666881358405834290e-02 3.382973599720237590e-02 3.720627038665130781e-02 4.273297972564724101e-02 2.654652092491993631e-02 2.746754742839255248e-02 3.737677160552077549e-02 2.972816582487905479e-02 1.271448928229534925e-02 2.204065991944115233e-02 7.138024501569112390e-03 3.138145060209242276e-02 2.333121475893892849e-02 2.765453875337822720e-02 4.694722583536029004e-02 3.879975259409401689e-02 4.347709122994103392e-02 4.851521568589167721e-02 6.336172094012465505e-02 6.467013606738825082e-02 6.561613009425099063e-02 7.117155335923057435e-02 6.574196611597450668e-02 6.738577313675692126e-02 7.123598892804525184e-02 6.999368631535100860e-02 6.980050692869939344e-02 7.986201792632639795e-02
3.773325145172133632e-02 3.567162506132673383e-02 2.675050687544058836e-02 3.380230086270527567e-02 3.709972345274462069e-02 4.259966911622849184e-02 2.679697095342731261e-02 2.766093523008017474e-02 3.747176792055795236e-02 2.989118862982556579e-02 1.281318420141924763e-02 2.221622767548320221e-02 7.387757728563260073e-03 3.163811762165570640e-02 2.379258552881652333e-02 2.780233197776099674e-02 4.656066769295275076e-02 3.880428628793933243e-02 4.433638771818403101e-02 4.801838922425724632e-02 6.398948762839073989e-02 6.499371810098493463e-02 6.484436455015488154e-02 7.100210882492355435e-02 6.631033460740355656e-02 6.858078273225491628e-02 7.166466855942812963e-02 6.953043305902580073e-02 7.003366978569909584e-02 7.980612819163623861e-02
3.700538035571802886e-02 3.587187252315165997e-02 2.626779243268712039e-02 3.381416233081158129e-02 3.689718792242030476e-02 4.288684590036889732e-02 2.684932567249601054e-02 2.724833437735599273e-02 3.676239365266043002e-02 2.956140503861195978e-02 1.265664905064214918e-02 2.213051070939761611e-02 7.164678489263776040e-03 3.077498683900012355e-02 2.367206932428955746e-02 2.777764054214801326e-02 4.649513710219971285e-02 3.747209519643429632e-02 4.401093101760501780e-02 4.789227050449557099e-02 6.304846350374235242e-02 6.440465494106095701e-02 6.513796931602354456e-02 7.138443967981943084e-02 6.539464497554303701e-02 6.839588760705239689e-02 7.170862004143198354e-02 6.878452494620099222e-02 6.948478998460205780e-02 7.898599390054851510e-02
3.733213812813515609e-02 3.557885610285604905e-02 2.607194116654720784e-02 3.327054059060083335e-02 3.692865741374738719e-02 4.303985387135955687e-02 2.664862064582620982e-02 2.717825539311308214e-02 3.772535940125318343e-02 2.998032347015475163e-02 1.257350341603713506e-02 2.242205246865441870e-02 7.241564895836688498e-03 3.085567732949570652e-02 2.351261163101683871e-02 2.787407975032304974e-02 4.715862789163621782e-02 3.830374365850774954e-02 4.422786099784893621e-02 4.811234031566595515e-02 6.331147617699031671e-02 6.488924386663474930e-02 6.501248162677350506e-02 7.076174973698250159e-02 6.631688409286749797e-02 6.771938473217946342e-02 7.125616503054431339e-02 6.943455753266557229e-02 6.950915099018428744e-02 7.947519834981109366e-02
3.736730696383387673e-02 3.569954028500410548e-02 2.632012878558145919e-02 3.355497023382558730e-02 3.737894740250546910e-02 4.292435631294252985e-02 2.686607602454110788e-02 2.749021526461484233e-02 3.742753179791843965e-02 2.965958622093492481e-02 1.300909863972629643e-02 2.258372595255969673e-02 7.358746687616268822e-03 3.111268390277716067e-02 2.361246349595993999e-02 2.772630506581225118e-02 4.633963065395556302e-02 3.874207615839600494e-02 4.402533818743689653e-02 4.830607478059985305e-02 6.426270358677746430e-02 6.452562295068961506e-02 6.497566671664013749e-02 7.098955767647339987e-02 6.586648487866988977e-02 6.761687556338502603e-02 7.144452836459816436e-02 6.932618714520162595e-02 6.900696321836043146e-02 7.926991755834411624e-02
3.710829632040299475e-02 3.535068596346355174e-02 2.593306834062350519e-02 3.376867718332546286e-02 3.671042804246005264e-02 4.262577449966972742e-02 2.655750847259283343e-02 2.755307082127833596e-02 3.725089508149537210e-02 2.963323735889988875e-02 1.259577183607901718e-02 2.217454702607604689e-02 7.283191230531643745e-03 3.091487353462984977e-02 2.352182754092768668e-02 2.763823664985962103e-02 4.706554952370081701e-02 3.833917765273248124e-02 4.367083038202404510e-02 4.812402002565356607e-02 6.375176747277519484e-02 6.439659451724807915e-02 6.514880113568478903e-02 7.125620403904663058e-02 6.590987805306151859e-02 6.754670588794811636e-02 7.146201678913781385e-02 6.971828373157379355e-02 7.023448280894407925e-02 7.972561087117943646e-02
3.795368997619230633e-02 3.593070467455186656e-02 2.670898944376329243e-02 3.394087276897152228e-02 3.707800689650750381e-02 4.281263690368725117e-02 2.655020832093282768e-02 2.763036808281557621e-02 3.702023079345931333e-02 2.959322212991705170e-02 1.289478505603422476e-02 2.225808673601850640e-02 7.194221797885036462e-03 3.134823136636510910e-02 2.340654387923465918e-02 2.766750677582982543e-02 4.693971271361890851e-02 3.847367219701147700e-02 4.401361352372754054e-02 4.806243854173167240e-02 6.430187960118419199e-02 6.488867362272313088e-02 6.559133883753348604e-02 7.095457439396388177e-02 6.617120627078465489e-02 6.805933385736880059e-02 7.187123908245585113e-02 6.986579047659546848e-02 7.001016797990652907e-02 7.998814810864153524e-02
3.737726017626871733e-02 3.616596667085161809e-02 2.639646734581091447e-02 3.378086771701077629e-02 3.694985873185330227e-02 4.304260977066012850e-02 2.642876461953161393e-02 2.758921657406424033e-02 3.705725155817421457e-02 2.980996584911058123e-02 1.268983367158157960e-02 2.244690962191994710e-02 7.378506304984017161e-03 3.081821725570851878e-02 2.365980212274915173e-02 2.782292783410789117e-02 4.662133560834326451e-02 3.856539947864276452e-02 4.437397985461521976e-02 4.817526782553528675e-02 6.357552478011285757e-02 6.479689183462117308e-02 6.511764308679847402e-02 7.113094525205994334e-02 6.625972394715615166e-02 6.864410149753769064e-02 7.176991350076358800e-02 6.928420469475662924e-02 6.996802182090022804e-02 7.949077593519460194e-02
3.711742317238500566e-02 3.552751178664004250e-02 2.614826553379645535e-02 3.374134349950369538e-02 3.664455074872308149e-02 4.285153147660925033e-02 2.650535101041903707e-02 2.743841768927690605e-02 3.742882290845042648e-02 2.991823322853309763e-02 1.265185787781342164e-02 2.237489439259826574e-02 7.234216467226189939e-03 3.096227744335985910e-02 2.399276350794804502e-02 2.792173640159753556e-02 4.742135083867199397e-02 3.831245595323898301e-02 4.416325528609413298e-02 4.795502801455350794e-02 6.344054517464443876e-02 6.500913543053396526e-02 6.485785623835949032e-02 7.063720934914642646e-02 6.606774401981076184e-02 6.794117880965175327e-02 7.175475556228937124e-02 6.899176968673420562e-02 6.979216483417706451e-02 7.904140837776424400e-02
3.824261718079827177e-02 3.546190115629846429e-02 2.659102060767593034e-02 3.367014016046554481e-02 3.715410855092435294e-02 4.231344054269135790e-02 2.633335014917317918e-02 2.757665969743941514e-02 3.759611357992131975e-02 2.950847752953447700e-02 1.288400203103204356e-02 2.223110264664085456e-02 7.375675637817685759e-03 3.112273590868104567e-02 2.388129149467971279e-02 2.791471828384495257e-02 4.670272198730748836e-02 3.814594268869717086e-02 4.437110678661522478e-02 4.853872394140748558e-02 6.315131518258221277e-02 6.514782441799504831e-02 6.553615792559401576e-02 7.130609108917598804e-02 6.682724612468783632e-02 6.840773279873678392e-02 7.182679192449399619e-02 7.029577922906017629e-02 6.964086141271677577e-02 7.971005436776791575e-02
3.687935866311098376e-02 3.585134532612047065e-02 2.599744813898788309e-02 3.338825890505402183e-02 3.656711122838021688e-02 4.196425569148343193e-02 2.645124726160005824e-02 2.753207675148344746e-02 3.772118438890144365e-02 2.956721340589563152e-02 1.261179292515307582e-02 2.235291441172046478e-02 7.353046094433296487e-03 3.168078213780123331e-02 2.383784510826295056e-02 2.806762445169427855e-02 4.675786306643556212e-02 3.865280640544462021e-02 4.450887742314708906e-02 4.850837454296386131e-02 6.318818567874681658e-02 6.541592957621607252e-02 6.580007168175407151e-02 7.129010822466590180e-02 6.694580025267683754e-02 6.826837234297995771e-02 7.249826686833485412e-02 6.948200522555515735e-02 7.003639571544936770e-02 7.961947906286521992e-02
3.673159483202245723e-02 3.577711473536715481e-02 2.586759943984232035e-02 3.407893211019498436e-02 3.723747535405683151e-02 4.264702118045458901e-02 2.585155442497008571e-02 2.787060395458612616e-02 3.726474068958053609e-02 2.992721898800657088e-02 1.288410465202749489e-02 2.236661932615155446e-02 7.511149581897025307e-03 3.111778993662248083e-02 2.391140450272408180e-02 2.781357323229299849e-02 4.676315859169710709e-02 3.859014253304819675e-02 4.442928247347024961e-02 4.817793079684297430e-02 6.368401548321575567e-02 6.495331388882388812e-02 6.515627977457699727e-02 7.085587966336623356e-02 6.667430585781221331e-02 6.847190366605070133e-02 7.190703772362326551e-02 6.967383067051990952e-02 6.966574102367063814e-02 7.958010150987297748e-02
3.695485268141134039e-02 3.556272840832824800e-02 2.619185633913204136e-02 3.331087353233255777e-02 3.669838382972931412e-02 4.337928477789629311e-02 2.601951188827461570e-02 2.770952782258004343e-02 3.740830995549157545e-02 3.005967127701875130e-02 1.239331414627614647e-02 2.256473982186446570e-02 7.233255510045749626e-03 3.090006379938703418e-02 2.338244675742340295e-02 2.749992085080488202e-02 4.668207956939399161e-02 3.819668342037568776e-02 4.373806868540414117e-02 4.790157194895909576e-02 6.334643125522279594e-02 6.499938336743414646e-02 6.500211794763594009e-02 7.127329427714881871e-02 6.627448543841339690e-02 6.852025303143050028e-02 7.151269079750252611e-02 6.953602910899425726e-02 6.954354929738840174e-02 7.945672696665924406e-02
3.722462482144159313e-02 3.547633561581076123e-02 2.594947139872191832e-02 3.335189158858219149e-02 3.694314927121916670e-02 4.266418853843623182e-02 2.690591272610917684e-02 2.759729347664904853e-02 3.722504370229529069e-02 2.980019931949426382e-02 1.268630694589506502e-02 2.249179751054874998e-02 7.348140393782648383e-03 3.130814454928089463e-02 2.381360590527514809e-02 2.749455994633617784e-02 4.700274987523121728e-02 3.884314550574470559e-02 4.391920097220813890e-02 4.907264952991077789e-02 6.389738623289822894e-02 6.495588664836393633e-02 6.542156882068241031e-02 7.095908125595108695e-02 6.644552338898494781e-02 6.850505203911315399e-02 7.186997306708112210e-02 6.955149042920717728e-02 7.021720972654303672e-02 8.009642780086204117e-02
3.732045153849887498e-02 3.592354839983571968e-02 2.626712411370893396e-02 3.386764699482677776e-02 3.709822782060601121e-02 4.278398476223932434e-02 2.671540594918248024e-02 2.770121773625616735e-02 3.733845345005237792e-02 2.991589532040073163e-02 1.256518808424536560e-02 2.256186792822784115e-02 7.448148004021465374e-03 3.147700865816313587e-02 2.357688363201237980e-02 2.771019972778104856e-02 4.711773396696446181e-02 3.933521344160871569e-02 4.426651838644782289e-02 4.852018121163088893e-02 6.368013971489878966e-02 6.494808780732108655e-02 6.586334606079807807e-02 7.076640694982298807e-02 6.624705522529758528e-02 6.827848432859183470e-02 7.196751488824633392e-02 7.000261855606665362e-02 7.039052137362013239e-02 7.935740864734662503e-02
3.714178831967894501e-02 3.535228958616348782e-02 2.573379368779890597e-02 3.371172097751520824e-02 3.677867953108995835e-02 4.258958872386407746e-02 2.649614710716199917e-02 2.731710794418334975e-02 3.711647176488030997e-02 3.007956031912664696e-02 1.263902962429910848e-02 2.263336227400067346e-02 7.309682051480498322e-03 3.095832123955405413e-02 2.357612958288202165e-02 2.767418680245029017e-02 4.648828977951567631e-02 3.865585581760165590e-02 4.418633753717168822e-02 4.784710662309951679e-02 6.407056444878658774e-02 6.450784788842267581e-02 6.547113172120194724e-02 7.044098727106423707e-02 6.617197819720907481e-02 6.789650368184384222e-02 7.176501117338340840e-02 6.996714729230139873e-02 7.050239419773141059e-02 7.946070669195309799e-02
3.712904511981693356e-02 3.610273330521393542e-02 2.633629966878164863e-02 3.365704244920755817e-02 3.714252358905517637e-02 4.290379688024809068e-02 2.599071650039214143e-02 2.748442822725252754e-02 3.756975343370139164e-02 2.989958953990748403e-02 1.273617551568648198e-02 2.248978450371971749e-02 7.336735864332449841e-03 3.116733370463503627e-02 2.367113795788763908e-02 2.783343634750229389e-02 4.718278334671696661e-02 3.857217831248038742e-02 4.435659338652883643e-02 4.765321737929956170e-02 6.385123940664014230e-02 6.512632274698257340e-02 6.535959044171411880e-02 7.141112847626725213e-02 6.639518945050430776e-02 6.824937588402922584e-02 7.175633100397739439e-02 6.998285904804792124e-02 7.017313380170037140e-02 7.929079863965980690e-02
3.740688100428152252e-02 3.569829381045348804e-02 2.615914290160883948e-02 3.397783938182388774e-02 3.724208287456660937e-02 4.264835350444369511e-02 2.664838399833449611e-02 2.823172690241779192e-02 3.744492501977698951e-02 2.956161401942461464e-02 1.268303518390626050e-02 2.230957985086792772e-02 7.218531722816584617e-03 3.099671244060925313e-02 2.343400433613410105e-02 2.804958293188750118e-02 4.687531681584229670e-02 3.866345129278664361e-02 4.389988872262416686e-02 4.818132236682359792e-02 6.376506185870883803e-02 6.531063262942188308e-02 6.556409351904970984e-02 7.135271825905031839e-02 6.661322012202758325e-02 6.841829940302485147e-02 7.179667849268288327e-02 6.970362207164874924e-02 6.977272969405977354e-02 7.975428383183250092e-02
3.725227293368126025e-02 3.551054865467959121e-02 2.612317564348362597e-02 3.356172539132107335e-02 3.687210526930706500e-02 4.278893351118481791e-02 2.614522405118421822e-02 2.756540409780786072e-02 3.716485229192607875e-02 3.002292172783699309e-02 1.266953283710442468e-02 2.257620865198928239e-02 7.462089055917164870e-03 3.166451822832405671e-02 2.348275769965493809e-02 2.806905202743190109e-02 4.639398380114181930e-02 3.887314651844822611e-02 4.419468792878722407e-02 4.854371913290175811e-02 6.335758145167380562e-02 6.542176672345301203e-02 6.529833981001988141e-02 7.071984968302523489e-02 6.687954688265818071e-02 6.803950896844408736e-02 7.116087230567566535e-02 6.933945557374324165e-02 7.051136308370303807e-02 7.968974409429449568e-02
3.729127173198121259e-02 3.616734582501703044e-02 2.622016278574657022e-02 3.360878210403089872e-02 3.683669777960646430e-02 4.280504017852894416e-02 2.670861151229364516e-02 2.737896495691946597e-02 3.735396065912724439e-02 2.975823068932395565e-02 1.253316138785581790e-02 2.221157535390147486e-02 7.368964333025557201e-03 3.104649759049812885e-02 2.386117149542266169e-02 2.770016111491532818e-02 4.711890185233311157e-02 3.910786266025828573e-02 4.421985970233222041e-02 4.809287075176196802e-02 6.376062830736309306e-02 6.463113000462276936e-02 6.498269016416097221e-02 7.146023264746863279e-02 6.576110448426907007e-02 6.853339701598487599e-02 7.190493163124869747e-02 6.967164454173341293e-02 7.038006797472178000e-02 7.970240277880717705e-02
3.708992590002271883e-02 3.582132772451745995e-02 2.634155872812818378e-02 3.324219465554570374e-02 3.661257179109730919e-02 4.247841363755441857e-02 2.643680861268224436e-02 2.748256745920732436e-02 3.722667187424266722e-02 2.987792661241578385e-02 1.259014200818761586e-02 2.221179754543972651e-02 7.261328756696633357e-03 3.146698229997721419e-02 2.378683751744950503e-02 2.747908037607957321e-02 4.681164385067398959e-02 3.866042209273042041e-02 4.431053544196644767e-02 4.788668742486101859e-02 6.377506057921537852e-02 6.477679300753436120e-02 6.477572783721224914e-02 7.095624338511849483e-02 6.605996456657980964e-02 6.755795482575974176e-02 7.233430032694433687e-02 6.961376865267039638e-02 6.939065600136548606e-02 7.932141831467634518e-02
3.743224241065404301e-02 3.539515059546688436e-02 2.608659536262694645e-02 3.366526757877921772e-02 3.729862696597568972e-02 4.364498840047555117e-02 2.655760507664933767e-02 2.768470960943220094e-02 3.771289921655836264e-02 3.039456191653547301e-02 1.275940111234147301e-02 2.276272326446246441e-02 7.178370684962881443e-03 3.119211983767908314e-02 2.375212342243929187e-02 2.708459557116649208e-02 4.712121782906077139e-02 3.821879093796905213e-02 4.350314856833284449e-02 4.766697975259814868e-02 6.371702191413461391e-02 6.522909557951739323e-02 6.494713213161365517e-02 7.055238093734406135e-02 6.639230256672037922e-02 6.848791625434322294e-02 7.141672521455820488e-02 6.966258627043218910e-02 6.963388624606438315e-02 7.957830380070859966e-02
3.762824426840664926e-02 3.561275016877517297e-02 2.639584598974800689e-02 3.373281280979731345e-02 3.713331455003283932e-02 4.308458885593180465e-02 2.658811090776597164e-02 2.740688919830722159e-02 3.731446441981539630e-02 2.968915829925505845e-02 1.273627191240539469e-02 2.248916006792844868e-02 7.332398516606108974e-03 3.095404612497004715e-02 2.348918538682473467e-02 2.750757454074057029e-02 4.663093988179392579e-02 3.850714222454129643e-02 4.380979550931446420e-02 4.768358884431989075e-02 6.421138943973771218e-02 6.462825425477844443e-02 6.510139874334402998e-02 7.104092357349120479e-02 6.582119447307629989e-02 6.775358204090731196e-02 7.190588654175496253e-02 6.929223726098722447e-02 6.962945353587332575e-02 7.965147529918770175e-02
3.754057764840207367e-02 3.647939840215172480e-02 2.641772299082570385e-02 3.411076192335177337e-02 3.691192940270440759e-02 4.290091212624089212e-02 2.700156821765870019e-02 2.759813846912334556e-02 3.704576147592343605e-02 2.957167273327190871e-02 1.252856494528498121e-02 2.196949864368957783e-02 7.216925965917303509e-03 3.062299766359824482e-02 2.338026022000430637e-02 2.732344572140393835e-02 4.649370444373099320e-02 3.832408865682182530e-02 4.415405645663225687e-02 4.842134555795721274e-02 6.391713988869728025e-02 6.481915484387720805e-02 6.604941529443239534e-02 7.040305081927052122e-02 6.638288941143648259e-02 6.850178783506485902e-02 7.173043034936832374e-02 6.988515471805255286e-02 7.006027132545736280e-02 7.921674359980432345e-02
3.716031401062705464e-02 3.523349171172886207e-02 2.613793485856327758e-02 3.373201974813440362e-02 3.689244610933485602e-02 4.255230399370077410e-02 2.645640042032817996e-02 2.734879061040246251e-02 3.720690981191593361e-02 2.963734198086365179e-02 1.263806937903799721e-02 2.231806241575146066e-02 7.141066417117758469e-03 3.102473415961472247e-02 2.371064256268087811e-02 2.776786224139024539e-02 4.696573090914568649e-02 3.837572690874190007e-02 4.424689983922411307e-02 4.837695084189290451e-02 6.438701604306146242e-02 6.507391846313648198e-02 6.516852152593302638e-02 7.098545631882198503e-02 6.662647333728718979e-02 6.851168467174527377e-02 7.199882523073514173e-02 6.903235064243162800e-02 7.050490890560345836e-02 7.934563759865816135e-02
3.736816921987566598e-02 3.515187010844773863e-02 2.626080867926530726e-02 3.392488812984417734e-02 3.682710013009207750e-02 4.213834318658163380e-02 2.606305773098360756e-02 2.725402878575111654e-02 3.666557820696125791e-02 2.968655361821714855e-02 1.284318084317623287e-02 2.211794049015117225e-02 7.255283255174077572e-03 3.151550462703325839e-02 2.383229068755046698e-02 2.775233602009782863e-02 4.712238851680011775e-02 3.839821067543133792e-02 4.414238131204298310e-02 4.789879897279253340e-02 6.395884682263672238e-02 6.501140556900791845e-02 6.567080409056577639e-02 7.175467589276611491e-02 6.634611303884617450e-02 6.827906254591201152e-02 7.177381589658504701e-02 7.012885971390427076e-02 6.961532824409308318e-02 7.937387202782071605e-02
3.790470659214037474e-02 3.636821089435546273e-02 2.659838246235438075e-02 3.368823156232134131e-02 3.721340864488306699e-02 4.327623566227589702e-02 2.616750698846251333e-02 2.742394792803251602e-02 3.785008727708824572e-02 3.050206746410730196e-02 1.276519124741895550e-02 2.282331210205112981e-02 7.450066025121326874e-03 3.098743072341389460e-02 2.342840850758129423e-02 2.805064368989984569e-02 4.670299892562550237e-02 3.885767995200575808e-02 4.391008610543961632e-02 4.813420802531154230e-02 6.352692951551558442e-02 6.593274913167705698e-02 6.521899999752685251e-02 7.109777621673088466e-02 6.703378380841962247e-02 6.780501790643653215e-02 7.182306727920834133e-02 6.963807741314036182e-02 7.004342865291139641e-02 7.909958258555940813e-02
3.727485479302469762e-02 3.537533355001853952e-02 2.582755689824661749e-02 3.353387593235868103e-02 3.705507504946509156e-02 4.282920036347120929e-02 2.664994703141354560e-02 2.725331674373765445e-02 3.727167900843779413e-02 3.009220121914926716e-02 1.265795596647134591e-02 2.266773024651680402e-02 7.132791158877493931e-03 3.119598405007019404e-02 2.350134675427212327e-02 2.787690293252972906e-02 4.693284616559875722e-02 3.839928776219250772e-02 4.429639215881192582e-02 4.794048974225142978e-02 6.365517333158644819e-02 6.479407094359966590e-02 6.481973780210163738e-02 7.049093483426591145e-02 6.548626264922755014e-02 6.854466659773125747e-02 7.205643544608136830e-02 6.931421362465474412e-02 6.935660502831206276e-02 7.955377011610537119e-02
3.783837388672367519e-02 3.575803214724287971e-02 2.633981409792074402e-02 3.366085241141056339e-02 3.737990206736604981e-02 4.310435417649191581e-02 2.655645597324798879e-02 2.768386379989604129e-02 3.745231040705315761e-02 2.992768222973518633e-02 1.255069549907147919e-02 2.248024299323392317e-02 7.187889062852198530e-03 3.139685564735221479e-02 2.337725498243903299e-02 2.789058367675506522e-02 4.613169256953039699e-02 3.842915143108395493e-02 4.429188792110626272e-02 4.831665526592426874e-02 6.295814515970155067e-02 6.502494672086507610e-02 6.535316499635328291e-02 7.076464484398206634e-02 6.631568265865903089e-02 6.798232843769159983e-02 7.185174891094904537e-02 6.959848105456860334e-02 6.982164889471687008e-02 7.873934578196485623e-02
3.725911025540662447e-02 3.529075137987977562e-02 2.593601292401867542e-02 3.372264101411329151e-02 3.647218425521581153e-02 4.271056305458795221e-02 2.578957195976439021e-02 2.740636000528454130e-02 3.723313060737626357e-02 2.995038139620614936e-02 1.223812402573210001e-02 2.249778910081293160e-02 7.262706076946512379e-03 3.118603909487174808e-02 2.344684437338012684e-02 2.748594941061630048e-02 4.709765220938313957e-02 3.836855785596662849e-02 4.369400077007001837e-02 4.729659606096862923e-02 6.371375557312464188e-02 6.482086734528511029e-02 6.493702658778818804e-02 7.039262485961091109e-02 6.631134587923678825e-02 6.774459177428468482e-02 7.202985404689132842e-02 6.938493399732553746e-02 6.961900387374220234e-02 7.864903426834257694e-02
3.778076689160028701e-02 3.531870566674272238e-02 2.597795823915888258e-02 3.329030705136211410e-02 3.669659481053974548e-02 4.242769777997612568e-02 2.641442257217205269e-02 2.747268725916404697e-02 3.717327080389937199e-02 2.947031744931297159e-02 1.244652354145950324e-02 2.204432269948472523e-02 7.306126163697523879e-03 3.092822280477303121e-02 2.369505812016900470e-02 2.741662483768556036e-02 4.673966116497388357e-02 3.835834449730013418e-02 4.374226402697632687e-02 4.784024721526089485e-02 6.381909835998723912e-02 6.469807326108720225e-02 6.503537222622934877e-02 7.103997909516950038e-02 6.607249999701902965e-02 6.787967397236208122e-02 7.172183452047697916e-02 6.961939542693171279e-02 7.012127038713131255e-02 7.955087159682684705e-02
3.755660879650203621e-02 3.592859580063076375e-02 2.618354557040580843e-02 3.384386972043551545e-02 3.704384466933938191e-02 4.224156389575781101e-02 2.607402550683032838e-02 2.771298711684108684e-02 3.720816538594362566e-02 2.964499110267276860e-02 1.263675149539880693e-02 2.227658341038932233e-02 7.342496075463916805e-03 3.128282633359291687e-02 2.353035894886210122e-02 2.791178327757873334e-02 4.724851044381488119e-02 3.851137940783555536e-02 4.423716887799242214e-02 4.843532097651720436e-02 6.394506667926286303e-02 6.486088625108882288e-02 6.514088979490759157e-02 7.105812750490715646e-02 6.639130304946283534e-02 6.710135571656396236e-02 7.154583791032508022e-02 6.975118645261674244e-02 6.986100649487095304e-02 7.957641724373137881e-02
3.820211913816436156e-02 3.548945767289483910e-02 2.660529477248016472e-02 3.353973861410852741e-02 3.754578058479018932e-02 4.208623064305314077e-02 2.559416804553094060e-02 2.728347156717514377e-02 3.685877019190758608e-02 2.920058369552594457e-02 1.254819646973906466e-02 2.189651872158243640e-02 7.286803398321606284e-03 3.082369036501386717e-02 2.351615791168512604e-02 2.775827242748793444e-02 4.682954371624686862e-02 3.816121300124628024e-02 4.379486321117218028e-02 4.819072673910063109e-02 6.384638480432369700e-02 6.427983247903373831e-02 6.503475098452024539e-02 7.133847192588219088e-02 6.604399599833803147e-02 6.704515855322144835e-02 7.178353538769186026e-02 6.968709973713747841e-02 7.003577688930472112e-02 7.972661903356213775e-02
3.719065168885067607e-02 3.579000981349460264e-02 2.601892177502324044e-02 3.356309121446753030e-02 3.705906246144080596e-02 4.303818544468686336e-02 2.641065157468433511e-02 2.762194604766343708e-02 3.756455639492610465e-02 3.002707016695946307e-02 1.270078336136587493e-02 2.236200016284883851e-02 7.402749683018489124e-03 3.074987319446856326e-02 2.371713741169881318e-02 2.780800190959287210e-02 4.715884502549838597e-02 3.857045982640891491e-02 4.430962207725694380e-02 4.820961842474011383e-02 6.383932470309691687e-02 6.483252546793051574e-02 6.554623615295163130e-02 7.119962093001502845e-02 6.579636079346340427e-02 6.822466676935873275e-02 7.175192109665232132e-02 6.979866905487148998e-02 6.941498252741305774e-02 7.981721833407373623e-02
3.726218275552373171e-02 3.578687130460356247e-02 2.658576076674315503e-02 3.413500952030550095e-02 3.713351314958296401e-02 4.272720497265788953e-02 2.659847592994332710e-02 2.757692574858194856e-02 3.708586677191023917e-02 2.977793149819213392e-02 1.274668170653356358e-02 2.237542426150554431e-02 7.421102094292392204e-03 3.141347446140364819e-02 2.371138369872713425e-02 2.744877178076812752e-02 4.696195493637203566e-02 3.846512212910821460e-02 4.376008133374309494e-02 4.826550339413893109e-02 6.405946426050140863e-02 6.462481787187827897e-02 6.555133422057059234e-02 7.043512601356242964e-02 6.610323754315834688e-02 6.833447433458234022e-02 7.162344107896123635e-02 6.976245952582009469e-02 6.974764847946388069e-02 7.987578300410670684e-02
3.767069003866148347e-02 3.551161651984426071e-02 2.621441340058316971e-02 3.375932097508171914e-02 3.717552989297207011e-02 4.342336193469364947e-02 2.601407049194806587e-02 2.761283515492296559e-02 3.755690178969231519e-02 3.015290924882563228e-02 1.276475028057533212e-02 2.259904441353649540e-02 7.487760268988730150e-03 3.124636715287820721e-02 2.412748584239995941e-02 2.794235295149197218e-02 4.709603639253326368e-02 3.832085243318200662e-02 4.394501418976670681e-02 4.821963119910829820e-02 6.349261902233327426e-02 6.560631879100797814e-02 6.560538534281759593e-02 7.096552905819711321e-02 6.695231326838702035e-02 6.796002310731492912e-02 7.223851001570391617e-02 6.957870533686150161e-02 6.944349962315830849e-02 7.965758399822669977e-02
3.735858398681737857e-02 3.636903099587204813e-02 2.604212198381783416e-02 3.370639566123015407e-02 3.649096553522246378e-02 4.282395171665595579e-02 2.658757170862280361e-02 2.747877395600273331e-02 3.731792896682170624e-02 2.993525670304955644e-02 1.255741800637066863e-02 2.239676506369445153e-02 7.274488124169392611e-03 3.105736635096183196e-02 2.359860195230051305e-02 2.754007750861256487e-02 4.720760119055990300e-02 3.893132338011442983e-02 4.411210413357598281e-02 4.719487153770574039e-02 6.362596252109523065e-02 6.594949738632359393e-02 6.465604620120732338e-02 7.056570563834488330e-02 6.748556187780632709e-02 6.805883433287970852e-02 7.201711409829113231e-02 6.921011869666572613e-02 6.950429173384160830e-02 7.999680297701194931e-02
3.636917683217638642e-02 3.555615568000355942e-02 2.536693339717063789e-02 3.353636542596383219e-02 3.684017338565545585e-02 4.289037630158483438e-02 2.607390658019256846e-02 2.750292775028093106e-02 3.712406272331164603e-02 2.962825933370930032e-02 1.267257527808449136e-02 2.197323231718073533e-02 7.328757181869149928e-03 3.136166774652131284e-02 2.353071924786928615e-02 2.759316826785945809e-02 4.741398030864144020e-02 3.836894391621137324e-02 4.437274790819786818e-02 4.789710628089849376e-02 6.396543455703637693e-02 6.457990853467954206e-02 6.484403720323084208e-02 7.114528041309248207e-02 6.561427543123372896e-02 6.875876901494802629e-02 7.211314471501521772e-02 6.943097221711605482e-02 7.025158667123894418e-02 7.937994787802238328e-02
3.752323344767174995e-02 3.608831658252252550e-02 2.603096661783485533e-02 3.392830975411918748e-02 3.690807018990470423e-02 4.348102159617756035e-02 2.608826762024690771e-02 2.744641878599016205e-02 3.735917336117264287e-02 3.023871429503008357e-02 1.265180965975554184e-02 2.253762710063209052e-02 7.175057923480998578e-03 3.067383216721214501e-02 2.329005967528696708e-02 2.721914565473773640e-02 4.664973020535012616e-02 3.864874370432017092e-02 4.368354173953578612e-02 4.776928235040535375e-02 6.315926722765385914e-02 6.500865254162838114e-02 6.433940119365286203e-02 7.081419162702655423e-02 6.662226321894072767e-02 6.754118056662210268e-02 7.164883671705522816e-02 6.879341146342343727e-02 6.992592049655835251e-02 7.878791470765247884e-02
3.697873024291237209e-02 3.542851222404311273e-02 2.584800464654060659e-02 3.383997135361971331e-02 3.701238617188379321e-02 4.255917871877940017e-02 2.606761968328361045e-02 2.750021753120185375e-02 3.703145620795494919e-02 2.940869170691987056e-02 1.242858817502451307e-02 2.223153935517632740e-02 7.207446433475733771e-03 3.079404496558352244e-02 2.367373906498676517e-02 2.748761696833149082e-02 4.717191303530490765e-02 3.851411379777469612e-02 4.408843264736365952e-02 4.796811745874395017e-02 6.363674026343298096e-02 6.439037002289861589e-02 6.516968269008198422e-02 7.072580607849580925e-02 6.567410031791189040e-02 6.816761066589197005e-02 7.230442568463493758e-02 6.975591182338862495e-02 6.992733242484368283e-02 7.952785406469702056e-02
3.705017775846558559e-02 3.594566664940140877e-02 2.618203311953110068e-02 3.355914955388492049e-02 3.679195862691381214e-02 4.373570590944760028e-02 2.625023923082867028e-02 2.736840410490218312e-02 3.748153226141959227e-02 3.011228941724469754e-02 1.257324672725571024e-02 2.237088483770646730e-02 7.274038548465089349e-03 3.036685264141206209e-02 2.308061201623978764e-02 2.760929020792649013e-02 4.739014395286278436e-02 3.831113629521122610e-02 4.396631316631144371e-02 4.782167601792182421e-02 6.382758800176555058e-02 6.481311988212248854e-02 6.530596240170809252e-02 7.050986765900421616e-02 6.615025730320234221e-02 6.684616027538642369e-02 7.194834281198746184e-02 6.948320153751924577e-02 6.983439489393450383e-02 8.041577282283914052e-02
3.809216581146016023e-02 3.592214266358703667e-02 2.647313264645473341e-02 3.345186472007372069e-02 3.733014824435579304e-02 4.307148782587569280e-02 2.690199494774039857e-02 2.716696783094726952e-02 3.735885948964269565e-02 3.005987972455434476e-02 1.262570675381316510e-02 2.266008890895701566e-02 7.252793158671833051e-03 3.085396838327841840e-02 2.357068655882035846e-02 2.740751147623490813e-02 4.697166781639454392e-02 3.865376909947101924e-02 4.408989917609806852e-02 4.816065631974601746e-02 6.413442230421695367e-02 6.442357872095068327e-02 6.549795756769058452e-02 7.083989292325158782e-02 6.583262516082873106e-02 6.865733674039492529e-02 7.163794881946100590e-02 6.945842346155646496e-02 7.017708678233285091e-02 7.958846029260589761e-02
3.804819655859276173e-02 3.571383533781757880e-02 2.665500104218107569e-02 3.314585873694639306e-02 3.705499730703692984e-02 4.242387147912266010e-02 2.696340578850728309e-02 2.747471719408631219e-02 3.716631882379120566e-02 2.947872557613470668e-02 1.280573968014239727e-02 2.211580325094467114e-02 7.361394055835746020e-03 3.116171806272324818e-02 2.357963756464162564e-02 2.788034774684414185e-02 4.700241490293147195e-02 3.840285770350071459e-02 4.398029185700885746e-02 4.763184967015601790e-02 6.390734909844335287e-02 6.446359547362925935e-02 6.461499916215909800e-02 7.086838561966291028e-02 6.638600300888791717e-02 6.798145264766480844e-02 7.172880164785304380e-02 6.895628654676434766e-02 6.968661078467514036e-02 7.908249257629669515e-02
3.811712766157913934e-02 3.562468163498752616e-02 2.632621118870392962e-02 3.339273490237987252e-02 3.702916161050187616e-02 4.314217304264064690e-02 2.622201791338701904e-02 2.721264930349606703e-02 3.749755753665290348e-02 2.978629894354331564e-02 1.270038291663563856e-02 2.237137184845830462e-02 7.447749304745898691e-03 3.128049509783846494e-02 2.394219741084244180e-02 2.741618082661173572e-02 4.729160611617644339e-02 3.833238001884223256e-02 4.414808629801930673e-02 4.832924163423438224e-02 6.430610841337609795e-02 6.534789479992891836e-02 6.595240178820439836e-02 7.065835326409347639e-02 6.667569838087053502e-02 6.835099997109878034e-02 7.145365372805764781e-02 6.967681824537004520e-02 6.981713185447417647e-02 7.971841539461760329e-02
3.741973868265358050e-02 3.615254400593274908e-02 2.629849140709888955e-02 3.348231270843926577e-02 3.722460425804044459e-02 4.320504635163920082e-02 2.644799169718478615e-02 2.748009472315829371e-02 3.787178216368786154e-02 3.008842644972722913e-02 1.270230992002083226e-02 2.270771013767433621e-02 7.246557774698847432e-03 3.105888365789705174e-02 2.349319631815716125e-02 2.765047223174318947e-02 4.695307445841936933e-02 3.859478072692984485e-02 4.399158444904779919e-02 4.802111745035078649e-02 6.364283029048301010e-02 6.505105545423572888e-02 6.521720718624517132e-02 7.098198360345414626e-02 6.601334137848390016e-02 6.766043520174955250e-02 7.176740217283367196e-02 6.968270803349548015e-02 7.045764705808466033e-02 7.945548213459917297e-02
3.719655345007277791e-02 3.550012130408065902e-02 2.584682236992086324e-02 3.371051667235705485e-02 3.714456629771961671e-02 4.295474686349237681e-02 2.656706416610654653e-02 2.735942683351119675e-02 3.706972283817938640e-02 2.976089250551669507e-02 1.264273983385497124e-02 2.243966382668827197e-02 7.262411019154563219e-03 3.076769533399281720e-02 2.402500140428792674e-02 2.792924482951322784e-02 4.728159097659272170e-02 3.891641072067207607e-02 4.435513940367016850e-02 4.790361905880280435e-02 6.414838661900644501e-02 6.496167153751991608e-02 6.522450078246583294e-02 7.120638682579054357e-02 6.651452721556824765e-02 6.883473563268881212e-02 7.240396212976699108e-02 6.951802102807584649e-02 6.969281441451925796e-02 7.972580365444548178e-02
3.768497765884551431e-02 3.612593930682476973e-02 2.632612950455737177e-02 3.369815090841510319e-02 3.704334083145408019e-02 4.303246510897715260e-02 2.699583071910433008e-02 2.775767012278873569e-02 3.728875179996261890e-02 2.972744513455510829e-02 1.279696049885295506e-02 2.237908380052225366e-02 7.484128137851736584e-03 3.146319780242688713e-02 2.393909711156957942e-02 2.775443200372476604e-02 4.708992673591380629e-02 3.870730535672078920e-02 4.449029931175059460e-02 4.824953547771454465e-02 6.471736223586899150e-02 6.473838613434132472e-02 6.533759938312239113e-02 7.082343906294141789e-02 6.583909587675709774e-02 6.824725725939119469e-02 7.198562885490919494e-02 6.989953385706990097e-02 7.051718306116598611e-02 7.986172707421923533e-02
3.786899031532074689e-02 3.599258665079110853e-02 2.641628704768031466e-02 3.352859115169543047e-02 3.733920291883580100e-02 4.295067250874567977e-02 2.690739768898398054e-02 2.733476269135456937e-02 3.727327768628524440e-02 2.976751368193361613e-02 1.286657788322334572e-02 2.239104703275324182e-02 7.296113225279898806e-03 3.140655699007188772e-02 2.396658260758810499e-02 2.816460928024436261e-02 4.696594970469064600e-02 3.775173455493986696e-02 4.480725376105276769e-02 4.802420098723667041e-02 6.371812637065138452e-02 6.534606722308727855e-02 6.499362973718138259e-02 7.067975125341623144e-02 6.625019465142066577e-02 6.875853689415264980e-02 7.202084466962757614e-02 6.895573303316682168e-02 7.020699273227257176e-02 7.926790797196227312e-02
3.767954876533761988e-02 3.585283254465571057e-02 2.671673851920206011e-02 3.428552430622874847e-02 3.711087741158589082e-02 4.263989212821764352e-02 2.668696056752373202e-02 2.781460060586182781e-02 3.670821511782837443e-02 2.954000295928776998e-02 1.277626734312367618e-02 2.226730391468481618e-02 7.338053274155931227e-03 3.168312902583357571e-02 2.367402342479291155e-02 2.760940614472101595e-02 4.710570602500113724e-02 3.884307632679370736e-02 4.421955717046927026e-02 4.826258917129606918e-02 6.372713287834226581e-02 6.400513127153659165e-02 6.524560577588106591e-02 7.099006455516393421e-02 6.547098376127764852e-02 6.879487352698629432e-02 7.208997987795344453e-02 7.000105502673313607e-02 7.041035674103442166e-02 7.927865623066307488e-02
3.695997791513955244e-02 3.643028904049443184e-02 2.608756292919597874e-02 3.391562148311758063e-02 3.689746418219443103e-02 4.311057804893306256e-02 2.605774390069914848e-02 2.739890747022102890e-02 3.747800349724579594e-02 3.024487414605839253e-02 1.255811530671033238e-02 2.270111569796340323e-02 7.262084882933977914e-03 3.071220109608238658e-02 2.303812054049600433e-02 2.775310581422343881e-02 4.692246012991108106e-02 3.849695082953209779e-02 4.415459318959108481e-02 4.812468552090878871e-02 6.396763494350030110e-02 6.490416933078241302e-02 6.494516775707093181e-02 7.117527214704660876e-02 6.623990438044803641e-02 6.722296100543924402e-02 7.200324973142854801e-02 6.958520261311687549e-02 6.998836631968886890e-02 7.932059092041782167e-02
3.761541729484729757e-02 3.601862311580961151e-02 2.603949834005991892e-02 3.365973618392753552e-02 3.719512216488074507e-02 4.257198400744285904e-02 2.672885041530870254e-02 2.735600165772866799e-02 3.698472318827848715e-02 2.951866921304893698e-02 1.247236222336128852e-02 2.231517199616506186e-02 7.073440797085966958e-03 3.117099702542851236e-02 2.320087751936533715e-02 2.763272156302853944e-02 4.723817677402486481e-02 3.799665189284159861e-02 4.395170116692277695e-02 4.834745472982268644e-02 6.361702703501957712e-02 6.471187368661653061e-02 6.555903529421368281e-02 7.079235345671483493e-02 6.662380167469902914e-02 6.768786749930437441e-02 7.158831684614816449e-02 6.934370902109342205e-02 6.973474038530136365e-02 7.923120059977557805e-02
3.708112581149350384e-02 3.562426924381756344e-02 2.588602610827905881e-02 3.372840353849446138e-02 3.691448014313263026e-02 4.275546522917139658e-02 2.636714296093889409e-02 2.808232749219299884e-02 3.717295490480607145e-02 2.971103684406367629e-02 1.279356723172928034e-02 2.237347776079254280e-02 7.394618891778309555e-03 3.159693715081365872e-02 2.357304579880742379e-02 2.771112053378232964e-02 4.685853215957638818e-02 3.910442689849411013e-02 4.405034431022344932e-02 4.849878536318376343e-02 6.401436068201354912e-02 6.478828437344646973e-02 6.580918511245779923e-02 7.108287230164531123e-02 6.622811641749108691e-02 6.811118919449135611e-02 7.203893137912253941e-02 7.049631860805491423e-02 7.075405720789924857e-02 7.971056936036197138e-02
3.656651000507542271e-02 3.520421008626768711e-02 2.588137926670597277e-02 3.381649078426134103e-02 3.685647506915998295e-02 4.270577576355577554e-02 2.639551587382901743e-02 2.755635798944014447e-02 3.777244095806625568e-02 2.991182614826171093e-02 1.250567575362571127e-02 2.232530684624570161e-02 7.328346515916267512e-03 3.110907440846373551e-02 2.354362082082051000e-02 2.781214787723626514e-02 4.684966233171825034e-02 3.779489673503663716e-02 4.407517230385923912e-02 4.904232011795200963e-02 6.394190686159756387e-02 6.581005441562394476e-02 6.600016639529197870e-02 7.084406188967656837e-02 6.669363257332662498e-02 6.766417631317844794e-02 7.189606993722467976e-02 6.959688634355690184e-02 6.939184665565958920e-02 7.980360914358242130e-02
3.727187583189045528e-02 3.548127084363845996e-02 2.677940050511762315e-02 3.364426881185589302e-02 3.690104673132170443e-02 4.247391802304670283e-02 2.622207908887563832e-02 2.734473761777653222e-02 3.672569698337928290e-02 2.970089509526827043e-02 1.237929496208026170e-02 2.229189634328948566e-02 7.294919791259207864e-03 3.118635283179195528e-02 2.362028880767361172e-02 2.784909210651498324e-02 4.690397716725108745e-02 3.861800474590620924e-02 4.439914708520290021e-02 4.863260929613422157e-02 6.377782015803390436e-02 6.433119570744974536e-02 6.531212556380282253e-02 7.108187741628532730e-02 6.584362493675188777e-02 6.810925056729569271e-02 7.134730543531571378e-02 6.994789580657730099e-02 7.001092784583984319e-02 7.926399750725823812e-02
3.756281995053928346e-02 3.557212972759188352e-02 2.599104032746693549e-02 3.332778386447429742e-02 3.676501027947243205e-02 4.267626932860615896e-02 2.594359501733442541e-02 2.715254068355871242e-02 3.724981479671668483e-02 2.943889671854552081e-02 1.270905005582448344e-02 2.201961701961063778e-02 7.255395398686720343e-03 3.102458700187663010e-02 2.398842518602709029e-02 2.777405498811252871e-02 4.668394952186141755e-02 3.864148246518198104e-02 4.451444839576944312e-02 4.755382909700953120e-02 6.351118959190016344e-02 6.495429830349824796e-02 6.547949576128443694e-02 7.147837994977281062e-02 6.598079263266094785e-02 6.810981375174854358e-02 7.221943034566995212e-02 7.017959380830517124e-02 6.940644903942495836e-02 7.955165738897707062e-02
3.758691608630883307e-02 3.605189899906130480e-02 2.619321983608735582e-02 3.413373186757417965e-02 3.687693582695436567e-02 4.310579379211051942e-02 2.588519141399392431e-02 2.782747114483116735e-02 3.735952699664139842e-02 3.000441653796434571e-02 1.275845508348910640e-02 2.230692493421831957e-02 7.403847983627254159e-03 3.119812527107940214e-02 2.378220848308029711e-02 2.853192378684565877e-02 4.721161957788450048e-02 3.854762105429106189e-02 4.467846299312450142e-02 4.829729683405373231e-02 6.397068406210645874e-02 6.565745426273776608e-02 6.530477265138262544e-02 7.182790564341054451e-02 6.692020682989177627e-02 6.806715370801888487e-02 7.242822449235257476e-02 6.984120892774478562e-02 7.052644732264992666e-02 7.956233451064625983e-02
3.706230172311433813e-02 3.546950776096960412e-02 2.578140100897224896e-02 3.375555907564486979e-02 3.642438824610780279e-02 4.276541666445608791e-02 2.647006609412966283e-02 2.748342038939691201e-02 3.730909953754915631e-02 2.982673077931399797e-02 1.253840186274216006e-02 2.237453942517966810e-02 7.314597601673605842e-03 3.126575273305701175e-02 2.384237598719371465e-02 2.774666276892498451e-02 4.685387165368823381e-02 3.824798797909123582e-02 4.433328019636625927e-02 4.848809945878260197e-02 6.390203415310434509e-02 6.457253174923693884e-02 6.514261885243043115e-02 7.122838737556469457e-02 6.594268615765808139e-02 6.897110112096875578e-02 7.211067188894321189e-02 6.957522727604074919e-02 7.026493625238354468e-02 7.908917496500424138e-02
3.688165434095092010e-02 3.565136939591720400e-02 2.579749771271658276e-02 3.360086639534312636e-02 3.683872109028440978e-02 4.283387569533678163e-02 2.630944708997845494e-02 2.786490840381744549e-02 3.726900019890808102e-02 2.991634444002047588e-02 1.283811976276705291e-02 2.260517397826317110e-02 7.486740077770753787e-03 3.110380932104284124e-02 2.402753893644477001e-02 2.819476615237809236e-02 4.692502802821205132e-02 3.941672195071217744e-02 4.470237593865329651e-02 4.795435818252111182e-02 6.461337500388861232e-02 6.568380411787698436e-02 6.519642883429438429e-02 7.111602031671071522e-02 6.715810141317722637e-02 6.857327288441650293e-02 7.267021545325716425e-02 6.975527211976852160e-02 7.063922051601767560e-02 7.979841018858374602e-02
3.711399675027798883e-02 3.600842512299080866e-02 2.638318670314002135e-02 3.342717640419684555e-02 3.653115531258407933e-02 4.276607251162307943e-02 2.589234305565560335e-02 2.712567873493942905e-02 3.696001659318121080e-02 2.956705502973561162e-02 1.242874503727026125e-02 2.239932870482486127e-02 7.315265520818098333e-03 3.037104949352856242e-02 2.370580094910926250e-02 2.760344922798216305e-02 4.626096052128367275e-02 3.837196045094753982e-02 4.397959301814376165e-02 4.785717744971350329e-02 6.346605065516150446e-02 6.582606705826411775e-02 6.457354000064086108e-02 7.088290432565111376e-02 6.672583849920216137e-02 6.830213425287057216e-02 7.138244479545545473e-02 6.917154024054621153e-02 6.966910095702534556e-02 7.963001716720068124e-02
