5.265225223183400693e-02 4.645641945892720059e-02 4.549601910241318770e-02 2.018985990079658066e-02 6.053101201672950182e-02 6.681113344178357671e-02 4.603280811387566729e-02 3.190126837568518781e-02 7.113125087504212907e-02 6.457729689125502048e-02 5.207851564072485395e-02 6.225325356767874574e-02 5.295793670445436696e-02 5.761526035237474197e-02 6.770873743939676004e-02 7.381189798919063350e-02 8.500716347043302257e-02 7.903024019209436979e-02 9.001496628946270562e-02 8.446370381025314344e-02 1.059679118370762119e-01 1.114332124946346703e-01 1.018881984993391665e-01 1.169521367565762304e-01 1.128217643722511099e-01 1.122524219707472515e-01 1.169003840615214784e-01 1.069112070157161032e-01 1.132152328104618633e-01 1.169040335880431325e-01
5.251494289617375522e-02 4.666773563126747071e-02 4.521362816289853370e-02 1.992632803252281093e-02 6.058572532958872436e-02 6.716239871787088589e-02 4.620223212925655965e-02 3.049499976352043618e-02 7.090131918898867625e-02 6.468652335155100630e-02 5.228520499132405241e-02 6.258297999832418412e-02 5.285569685704372134e-02 5.674474600984114048e-02 6.771949586812131550e-02 7.324993198989515619e-02 8.445132651161002535e-02 7.826165801583262471e-02 8.942190613137879218e-02 8.245214744962203746e-02 1.065618799248799764e-01 1.116254774296263630e-01 1.006619540567321724e-01 1.171719773670500953e-01 1.129611169337969567e-01 1.130778177578173338e-01 1.169830597638799041e-01 1.058568456797919222e-01 1.122219506537216471e-01 1.171599199839585825e-01
5.267575172144089990e-02 4.697359744285334315e-02 4.538840908592467471e-02 2.009562707235512669e-02 6.059964515682847441e-02 6.770577824031120961e-02 4.607024104629564576e-02 3.141971841839419355e-02 7.131274597233461243e-02 6.494012838925899977e-02 5.256177765368619248e-02 6.243832260335469009e-02 5.328418579693328105e-02 5.753563673243600185e-02 6.735085920600192289e-02 7.324268753143203803e-02 8.311056985856990487e-02 7.867660097789452855e-02 8.940918887594939690e-02 8.361471039429768659e-02 1.053896697508951430e-01 1.117751834331217609e-01 1.019258893829331214e-01 1.169634642898562671e-01 1.128909591281290759e-01 1.112078945973595800e-01 1.164605465046484323e-01 1.070953452157146213e-01 1.123386485750268449e-01 1.165205959997102081e-01
5.287860710421865562e-02 4.720634081205443700e-02 4.602656528918713796e-02 1.989757092648836156e-02 6.093448805605783392e-02 6.755226704215955280e-02 4.654063581000600358e-02 3.040248580077653529e-02 7.207262730687880037e-02 6.564990973767259597e-02 5.222561614206244762e-02 6.327677766435102491e-02 5.259284752288273523e-02 5.742379096417260520e-02 6.725868807219126388e-02 7.297671776554071066e-02 8.301046336153805605e-02 7.831859087792070184e-02 8.913622406764787343e-02 8.254436355573546713e-02 1.052148515318014343e-01 1.108824472395866234e-01 1.004135085116331094e-01 1.169399878156618389e-01 1.119894365521736379e-01 1.113928408715674223e-01 1.163266273136505102e-01 1.045394001160560027e-01 1.118792306306346518e-01 1.165918924184061733e-01
5.289885149211892568e-02 4.689434261470593057e-02 4.568993578141977707e-02 2.015279177404027955e-02 6.093853809900728891e-02 6.739531568672374462e-02 4.634528155007933137e-02 3.092912142456261115e-02 7.169535778908420198e-02 6.497011824719711726e-02 5.213246036146657048e-02 6.264756238746560513e-02 5.304881998046551139e-02 5.715684979622115414e-02 6.778827282684751765e-02 7.350605177318914052e-02 8.397914135461359564e-02 7.761001092372787902e-02 8.943847081739297877e-02 8.299161507383789882e-02 1.047054557502342664e-01 1.114203916827667395e-01 1.005307231901044762e-01 1.173327367654697362e-01 1.126549117700623714e-01 1.118345098397066639e-01 1.175283284742858481e-01 1.048381841422254546e-01 1.114699902819231703e-01 1.157731527414336270e-01
5.245697212484756733e-02 4.674149424200790826e-02 4.498353786302811130e-02 2.042577627039743327e-02 6.052279160956985926e-02 6.773971726076633004e-02 4.643341277824952762e-02 3.133367865212544068e-02 7.125587890350049136e-02 6.518340401668076822e-02 5.168632911150483622e-02 6.234793108421454733e-02 5.338579640783813751e-02 5.743754158293468137e-02 6.806106897039665427e-02 7.341689692524511202e-02 8.420031436969099836e-02 7.812014264200017877e-02 8.973086245688577378e-02 8.384397900262841041e-02 1.050926484870453592e-01 1.109410561275834262e-01 1.018577856249811564e-01 1.165165261754448345e-01 1.125072414820471600e-01 1.120291429914905823e-01 1.172202453112507481e-01 1.066599764568316733e-01 1.124110971587484187e-01 1.173807445106689329e-01
5.266917660675995982e-02 4.706854155596329470e-02 4.566432269485432016e-02 2.006198683452398157e-02 6.079151307362096190e-02 6.728563103495921460e-02 4.649888516633038371e-02 3.076037920919838520e-02 7.142741131898966422e-02 6.518933785086833410e-02 5.188961309642881048e-02 6.246632907869931195e-02 5.265945600010102368e-02 5.777115035433699752e-02 6.755967620457714595e-02 7.301204218363999132e-02 8.411549483038149866e-02 7.756237159621148791e-02 8.924613706497197541e-02 8.285802261647456923e-02 1.054092545213543008e-01 1.102571363867050902e-01 1.016943163405639172e-01 1.165337290397130410e-01 1.115849695629822502e-01 1.118414560614791053e-01 1.171328606830892571e-01 1.065267407626979690e-01 1.108101376677077532e-01 1.174698146367765261e-01
5.265017618973377722e-02 4.659362856111481932e-02 4.577851712285085917e-02 2.019850363435882201e-02 6.128790333463962625e-02 6.767777120208018360e-02 4.659546915955936619e-02 3.168408926241284007e-02 7.193713056231687553e-02 6.538831914392373434e-02 5.247200652669525844e-02 6.289667051440006595e-02 5.328867802787895513e-02 5.784547647541415927e-02 6.758827857153870688e-02 7.319917391753061331e-02 8.317671812475269100e-02 7.811363452662067886e-02 8.925379496784380251e-02 8.379200921751683850e-02 1.050281041433018814e-01 1.115078385145795714e-01 1.021455795512169473e-01 1.162763454674538011e-01 1.129028527972251172e-01 1.117514214370702863e-01 1.168792359605497211e-01 1.075066657841206030e-01 1.123773379397696726e-01 1.160148018835576167e-01
5.265429323739789780e-02 4.681108417634050056e-02 4.548334151970734318e-02 2.026967146457492319e-02 6.051586100558403736e-02 6.726164057530148455e-02 4.613481522202578233e-02 3.052050940277961644e-02 7.186119086371300924e-02 6.498259202106271282e-02 5.102872697087179610e-02 6.253735773104218687e-02 5.302775677931848008e-02 5.734622182025295167e-02 6.739383968662226998e-02 7.309546603363292760e-02 8.352934529653643914e-02 7.741652276183330628e-02 8.908651458446681382e-02 8.341214485049941452e-02 1.059679575332439505e-01 1.109714545704865163e-01 1.017336751258448579e-01 1.167188736780169211e-01 1.119935431829137684e-01 1.113314540070018399e-01 1.166048166526345575e-01 1.058715579036635379e-01 1.109990736284929280e-01 1.177490670596323952e-01
5.299034917208489404e-02 4.712549887457817555e-02 4.576880590826215567e-02 2.007270590249166098e-02 6.093363899205317402e-02 6.709335004563099503e-02 4.680565041987838626e-02 3.157599516301679010e-02 7.182092558013897232e-02 6.542509968112741880e-02 5.200843456525849895e-02 6.289523096764515486e-02 5.290503250878275665e-02 5.787203538696328309e-02 6.772550258935572387e-02 7.327575432270849731e-02 8.392429813053947640e-02 7.841266377080691186e-02 8.956925312928465388e-02 8.443145765966431071e-02 1.055086900621227120e-01 1.109470307039450709e-01 1.016416474959362937e-01 1.165548103520208656e-01 1.122110791877803937e-01 1.116718499682798349e-01 1.173723776322239676e-01 1.060925223135911200e-01 1.121269611119479759e-01 1.160585300843166578e-01
5.246882682874076664e-02 4.670019056978103045e-02 4.551951368640794193e-02 2.021515941696794272e-02 6.021635880761722071e-02 6.732243788694347586e-02 4.642578168872479871e-02 3.185791737723175920e-02 7.214357347453215219e-02 6.501333200370362775e-02 5.205418590546306845e-02 6.319383528746835843e-02 5.343297499611177059e-02 5.812069987571510943e-02 6.740358023611570104e-02 7.362636195958116581e-02 8.358212707623291493e-02 7.821622334091049566e-02 8.960502655943902717e-02 8.424463076073140932e-02 1.055857059279263765e-01 1.115004646193091808e-01 1.015517088760924391e-01 1.173903927527679691e-01 1.125527541301676315e-01 1.118671588211941348e-01 1.165465473827005383e-01 1.065125376455304806e-01 1.122789630177716269e-01 1.180010963726056961e-01
5.226310028577652034e-02 4.708029472248465019e-02 4.542661254232860379e-02 2.000434520488858503e-02 5.988047136639740309e-02 6.757613008781548913e-02 4.669442221455710751e-02 3.145541532478834945e-02 7.143575183031103393e-02 6.499532857669865216e-02 5.176023902366955198e-02 6.301168770179055301e-02 5.324829945159548217e-02 5.782737959166306396e-02 6.790263232549920147e-02 7.349828234680910732e-02 8.385185096955938278e-02 7.831484256329757088e-02 8.983403372819998012e-02 8.388397119805990343e-02 1.052904513558692301e-01 1.112633442029460351e-01 1.025100144100967725e-01 1.168031620521896574e-01 1.122729195078813191e-01 1.117222051862039045e-01 1.169015441307426073e-01 1.079260338349787851e-01 1.119750540585153775e-01 1.165629110698434001e-01
5.294570252564212431e-02 4.711735401129790723e-02 4.578205806483670592e-02 2.017721982066400521e-02 6.071320832374649257e-02 6.688920819259958073e-02 4.675784478849487336e-02 3.084425383279265631e-02 7.159119584595852182e-02 6.492140350503206037e-02 5.248401580264427935e-02 6.246834729961459054e-02 5.341076714286963067e-02 5.745784938574627354e-02 6.780709070844959108e-02 7.352640614596661628e-02 8.431311418587750239e-02 7.839426478154343236e-02 8.938253785285765751e-02 8.240919688544079413e-02 1.051006218660837099e-01 1.115705928720294171e-01 1.012318203691249252e-01 1.169581690152865505e-01 1.131291653763744076e-01 1.121943036030779162e-01 1.174143062847063934e-01 1.060986881473640064e-01 1.131025925962769740e-01 1.172371377889067645e-01
5.236248816343835877e-02 4.681929729264511231e-02 4.514096349499219230e-02 2.022743104464885811e-02 6.039102069300428255e-02 6.779937807423275231e-02 4.635216636555195002e-02 3.081853137549117605e-02 7.142335322272175269e-02 6.500118139951704954e-02 5.237333555520384820e-02 6.298258169148907015e-02 5.279886782980169890e-02 5.663450863697216953e-02 6.701634352615348789e-02 7.313724876287164278e-02 8.335685502518419554e-02 7.734240862851304854e-02 8.893829482195925173e-02 8.262364945100753033e-02 1.047281284802814572e-01 1.111753504966155326e-01 1.011784267374926660e-01 1.164954642818378794e-01 1.124167268562330513e-01 1.111638812366113616e-01 1.164078602220499636e-01 1.059752511921532303e-01 1.107697686620565669e-01 1.168279994955274681e-01
5.292216227532864359e-02 4.741496238449172118e-02 4.588098895353009965e-02 2.030353317514888012e-02 6.051676728904076263e-02 6.806994800772159238e-02 4.623702911183436015e-02 3.182200974748994327e-02 7.162932123389498251e-02 6.508938196410540833e-02 5.192151289062385544e-02 6.244477796712777362e-02 5.229044084308287488e-02 5.799595473101648579e-02 6.716709024193234789e-02 7.274875178396711384e-02 8.372865323821221395e-02 7.763860970523150939e-02 8.875386683635122509e-02 8.394022654261412697e-02 1.059687243276092872e-01 1.109515659271491650e-01 1.021202477069096393e-01 1.167496576954816234e-01 1.119237129242711681e-01 1.113191446155423758e-01 1.160633116344038651e-01 1.068293951548939802e-01 1.117938380131269227e-01 1.177866241673266590e-01
5.241808501956524147e-02 4.743187263493608974e-02 4.569528358208096996e-02 2.016963338195987276e-02 6.052208944033377058e-02 6.694103083314151270e-02 4.636040879801317516e-02 3.082505732114926289e-02 7.204595764894561327e-02 6.522112324989359777e-02 5.230277893832235847e-02 6.227022437653539910e-02 5.311351085985616116e-02 5.822532653266709879e-02 6.811836130570259051e-02 7.368534596002773718e-02 8.418131681594132054e-02 7.829795436706499245e-02 8.980155233937692216e-02 8.332305958742969310e-02 1.049903212252074614e-01 1.111080676132263356e-01 1.011785390638353377e-01 1.178470588945546016e-01 1.129043727172822642e-01 1.127754433156140657e-01 1.174672450679412616e-01 1.060527155485109230e-01 1.125587181381528801e-01 1.174689693384227684e-01
5.277822389042441387e-02 4.678665221957700737e-02 4.529317155910050907e-02 2.010755606391723127e-02 6.069087118097771238e-02 6.790524849551871078e-02 4.591874288909769675e-02 3.242136307770659975e-02 7.121089304884775650e-02 6.514906981349355419e-02 5.208496237526505368e-02 6.264457963574354693e-02 5.297756345140625100e-02 5.840423034247566036e-02 6.760634937169829328e-02 7.346216467128341421e-02 8.376399680549284632e-02 7.806377235912931312e-02 8.992647192509606313e-02 8.435578187901304759e-02 1.049873243829750891e-01 1.115835175235282417e-01 1.023770535261545600e-01 1.164772614885476454e-01 1.126618482332133464e-01 1.112277345545251706e-01 1.167869188753571930e-01 1.068801033341357787e-01 1.117333400073525773e-01 1.166869841805042718e-01
5.214610030855659772e-02 4.693876660261642186e-02 4.558815345267097641e-02 2.021664832556124836e-02 6.051127250077570352e-02 6.723010276445662292e-02 4.657926364751552306e-02 3.169434846058738486e-02 7.135551603839362933e-02 6.534805195676041123e-02 5.235964331483722312e-02 6.324528886462443822e-02 5.266509861599399933e-02 5.748235370434739977e-02 6.764434941705932403e-02 7.314569772802514969e-02 8.329664270358816403e-02 7.736825698001914553e-02 8.920369321981147515e-02 8.416389822132375187e-02 1.058693951021936197e-01 1.104260720365348725e-01 1.016262647479231340e-01 1.168163482489608107e-01 1.127326097579230968e-01 1.118086131873787803e-01 1.167816890846253841e-01 1.064914271973003146e-01 1.112719029803042048e-01 1.170644228090642613e-01
5.292533524481690677e-02 4.694688422166093389e-02 4.564383210564648685e-02 2.018817359686297941e-02 6.120592108363975825e-02 6.760804185658120247e-02 4.638303965677437191e-02 3.098916382921035328e-02 7.157098510155601723e-02 6.528117096590557722e-02 5.240434567298413171e-02 6.279639640676037970e-02 5.306808985550737212e-02 5.740649498704719633e-02 6.763719880131957574e-02 7.303930116880152923e-02 8.376611823392132727e-02 7.830774703210607868e-02 8.886283197837041570e-02 8.297506162416357078e-02 1.055563380208306423e-01 1.111628316180721665e-01 1.011828307629132340e-01 1.168507471178281687e-01 1.122212255477650356e-01 1.120255198276305375e-01 1.167556917887253576e-01 1.052288975659383397e-01 1.124653299872988566e-01 1.172933967422780110e-01
5.261449197026957236e-02 4.665579669222030823e-02 4.549479777874854136e-02 2.005837922847497623e-02 6.056936996144401952e-02 6.736307606326064068e-02 4.622412081808491280e-02 3.162910689493614314e-02 7.155152386268137654e-02 6.501475367165410191e-02 5.172509860544760585e-02 6.234366167585925211e-02 5.309597962126622051e-02 5.771807434266440495e-02 6.744561904869583735e-02 7.303803875723779981e-02 8.341524211647710629e-02 7.742188890244983135e-02 8.968376381686038457e-02 8.355268332652876495e-02 1.048139787769377662e-01 1.114344420115291889e-01 1.011067506660552340e-01 1.163266066141359634e-01 1.126861178407219111e-01 1.113224338244371836e-01 1.169614589697851592e-01 1.059692405138694671e-01 1.115067621635070783e-01 1.167160107250797552e-01
5.219167275368841175e-02 4.700692864260580528e-02 4.537313124126618469e-02 2.033510724574716377e-02 6.013319251506210605e-02 6.684679238142687829e-02 4.670402930531891705e-02 3.080754825564691046e-02 7.168784296724672878e-02 6.486321750589563173e-02 5.186732883843769848e-02 6.271274664538339927e-02 5.297381706558423886e-02 5.822353485686293517e-02 6.781380631627920152e-02 7.306806139100596731e-02 8.388542924645392418e-02 7.792238989897337653e-02 8.907033545086728843e-02 8.375033671650644607e-02 1.066331808765004219e-01 1.110725660442732909e-01 1.013675345957676388e-01 1.169321282433986031e-01 1.123317124594165328e-01 1.119412083728048568e-01 1.161108305435938348e-01 1.064620511740730358e-01 1.121367012388634343e-01 1.176082932699991090e-01
5.283240656654242251e-02 4.731035308553677154e-02 4.607834557868284442e-02 2.039226171131613974e-02 6.113163889078876423e-02 6.828418606282626868e-02 4.697110461898401645e-02 3.229812200563575431e-02 7.217576861805041766e-02 6.608987533219390365e-02 5.202736600051816040e-02 6.355083550732509856e-02 5.306755952582897784e-02 5.843763471378005114e-02 6.753673373531654534e-02 7.338140583973995490e-02 8.513592128053248942e-02 7.847496873280590535e-02 8.955566673638903907e-02 8.442640513547039482e-02 1.063388793408299726e-01 1.111414080718813313e-01 1.017718763532480253e-01 1.167514981003856533e-01 1.120833486518484357e-01 1.117180477735462141e-01 1.165626534559611738e-01 1.061825710925750066e-01 1.119442524064930833e-01 1.182244193100518981e-01
5.268502959532272989e-02 4.699067039959015091e-02 4.560037871508804130e-02 2.006508434345777303e-02 6.067115254154775705e-02 6.699287325568548113e-02 4.619401439895209904e-02 3.106778894779926858e-02 7.133046706045553798e-02 6.472812185762566450e-02 5.253203037592801827e-02 6.230249504714313602e-02 5.274750382070170218e-02 5.828915513160870532e-02 6.764473380040003647e-02 7.345733860538983251e-02 8.326730960144601568e-02 7.760338923228582431e-02 8.979865409826603972e-02 8.350227612333593896e-02 1.048940348122715527e-01 1.113759438365049537e-01 1.014203380933773602e-01 1.166276615354853163e-01 1.124948946639718894e-01 1.115639013228859611e-01 1.171392139094233897e-01 1.063840637774444708e-01 1.110801826917846569e-01 1.171632025306379443e-01
5.293975331846789700e-02 4.734140065570957567e-02 4.595033008927518203e-02 2.044978537729913448e-02 6.115123398673438793e-02 6.682478748934417290e-02 4.650368920472214285e-02 3.216017104427337792e-02 7.154271449699178831e-02 6.511404608629689506e-02 5.283051236681135521e-02 6.284709634331120398e-02 5.316225114350325853e-02 5.785699851517400738e-02 6.761583237284152226e-02 7.326431947994538341e-02 8.333717778483662464e-02 7.748970713012459655e-02 8.943463940384188682e-02 8.325383440519518174e-02 1.045273419780512469e-01 1.112620512130859662e-01 1.016473413940484072e-01 1.167661806215556375e-01 1.123966412282602079e-01 1.118005624225197892e-01 1.168349431026900476e-01 1.063579904613736193e-01 1.113804579959871699e-01 1.167304978389156478e-01
5.228924554192548868e-02 4.694224260074619792e-02 4.558305141643570479e-02 2.044255107699122220e-02 6.030468462372362559e-02 6.749550593746977967e-02 4.647945687783194835e-02 3.182222585349459010e-02 7.147912300282377451e-02 6.534710426765877322e-02 5.242613908885074281e-02 6.284256161095402859e-02 5.310024650656175460e-02 5.732913511154791308e-02 6.744280119193679646e-02 7.364910364070609283e-02 8.403613544666899138e-02 7.715540560858835661e-02 8.959996190616204004e-02 8.332407077600323397e-02 1.054923645997007942e-01 1.119268589651900569e-01 1.014006511734144578e-01 1.172825822975909205e-01 1.129662829805428981e-01 1.109922804181318057e-01 1.169206055300446856e-01 1.063722315163975196e-01 1.099066146392586596e-01 1.174056640925207340e-01
5.299677911465949798e-02 4.756201318936481570e-02 4.581284352365799784e-02 2.033121065541831918e-02 6.096531399417859376e-02 6.760397046805111110e-02 4.630198186204359523e-02 3.100564227071367362e-02 7.174195337846467346e-02 6.557755324279646025e-02 5.212119342090293372e-02 6.287003247955547103e-02 5.328637694605875552e-02 5.825284355109783263e-02 6.772264077499845492e-02 7.317334462762414837e-02 8.461417414093075351e-02 7.780638821741425737e-02 8.931373224756367080e-02 8.349810262801926619e-02 1.048822881445292676e-01 1.120030780953475968e-01 1.011626898999935520e-01 1.166860075694235999e-01 1.127566118629073078e-01 1.124424026613017880e-01 1.167283670724021949e-01 1.057968320256319483e-01 1.117208393863133864e-01 1.176927099770406215e-01
5.227150243521183626e-02 4.697509821394807439e-02 4.544363028537645732e-02 2.120729933038689730e-02 6.041696853821387769e-02 6.709729069832137682e-02 4.596037923006734971e-02 3.121804682815554344e-02 7.132196545416968902e-02 6.454690524323170031e-02 5.200325045232556676e-02 6.174456063570965547e-02 5.276339589957435017e-02 5.765315577981122708e-02 6.712277401145616551e-02 7.267612098490960904e-02 8.400461534851078049e-02 7.775976424448227675e-02 8.873390516623880231e-02 8.327573005670330097e-02 1.062951151545685757e-01 1.106310434121631214e-01 1.023158225895373086e-01 1.162981660694311081e-01 1.116274149026232898e-01 1.112614590563059114e-01 1.161998859406643270e-01 1.072804596664642673e-01 1.120475708918891034e-01 1.168032900370363780e-01
5.308308145115336885e-02 4.737275665067675057e-02 4.632890653113275192e-02 2.047463357403001005e-02 6.102706869706620019e-02 6.783655364389051812e-02 4.673417120602829655e-02 3.192171794131604123e-02 7.194574465171954536e-02 6.546498695391567146e-02 5.182522197559613630e-02 6.272401895595924870e-02 5.271564882760304549e-02 5.809348299965311213e-02 6.750075824793566603e-02 7.344760484259671429e-02 8.439199223163829089e-02 7.849755247348189080e-02 8.947678900629352228e-02 8.399509460242104986e-02 1.065264322003722786e-01 1.115115730876774514e-01 1.024437066181542733e-01 1.168748013308698042e-01 1.124406017126691193e-01 1.112610083027558705e-01 1.172163688071388155e-01 1.067519219954478071e-01 1.124627162312288320e-01 1.165767475992456337e-01
5.261278294526694488e-02 4.730720837051438643e-02 4.557688011804161832e-02 2.019179368461743174e-02 6.064705063014375064e-02 6.762329874320660572e-02 4.666295817018339953e-02 3.166467898014158067e-02 7.155330158376083105e-02 6.505687158234851886e-02 5.192912449022735188e-02 6.269205844002700978e-02 5.257072011976537951e-02 5.800757289524138827e-02 6.724633335167062853e-02 7.307994802954298486e-02 8.375883131103023516e-02 7.807469619047280318e-02 8.888094165276738678e-02 8.345727134547509252e-02 1.057018862256646763e-01 1.104671190914077172e-01 1.009756874163580953e-01 1.168028313467521784e-01 1.115980561344063204e-01 1.114723152811740725e-01 1.161177186070692091e-01 1.057969796768842841e-01 1.119583267981381081e-01 1.173246083275147900e-01
5.272728914152269297e-02 4.705011104841405611e-02 4.565226731515759084e-02 2.009679783924256391e-02 6.066891440502275579e-02 6.759420697386198107e-02 4.584483234509661997e-02 3.186639066496965711e-02 7.189550700629232516e-02 6.553271547006778164e-02 5.219934331411435480e-02 6.299241485926998507e-02 5.286793067518891220e-02 5.764349410157110221e-02 6.791646400870110512e-02 7.324351733723521996e-02 8.293728987753246074e-02 7.819686696700411943e-02 8.978092377903634791e-02 8.451415240761672720e-02 1.052926740413506757e-01 1.114756308094604353e-01 1.018620896021948941e-01 1.171870921502566887e-01 1.125630055720470146e-01 1.112521933708336963e-01 1.175283613389512816e-01 1.068837337084844741e-01 1.117829969237489340e-01 1.173876843063972331e-01
5.255464981746627018e-02 4.700466781865619836e-02 4.500927470197613189e-02 2.031406087431464336e-02 6.029019225844933771e-02 6.720885988615554751e-02 4.627369125207048128e-02 3.121555176652024421e-02 7.107259432178603120e-02 6.491745734987741656e-02 5.235255850275599698e-02 6.293919544727022419e-02 5.301752629979628040e-02 5.853132647732373073e-02 6.779630358724597627e-02 7.340613621144154166e-02 8.373212417538500318e-02 7.784350230591163822e-02 8.969952492483690420e-02 8.381939650224956573e-02 1.058221091060043140e-01 1.113937955656574275e-01 1.014904202563651214e-01 1.168550827046934693e-01 1.127663396077096536e-01 1.131402431346826276e-01 1.168783461969888915e-01 1.059214140965079043e-01 1.119219113674179145e-01 1.167188129786889128e-01
5.293643581294982248e-02 4.678598658066879246e-02 4.550890982400956908e-02 2.028205187928966424e-02 6.106807705760797234e-02 6.749725250213689520e-02 4.620918580246669016e-02 3.081302016901421581e-02 7.144067887195215683e-02 6.527868954084969921e-02 5.223926637945242035e-02 6.297835422530151384e-02 5.317765535824703349e-02 5.718820899552845560e-02 6.738187629484482244e-02 7.380435641332483421e-02 8.340324591024805834e-02 7.772161737636840151e-02 8.951582115088152491e-02 8.252348998053005147e-02 1.053927111520451820e-01 1.111547527175331673e-01 1.012073519696334856e-01 1.178267849248268995e-01 1.124458826073662099e-01 1.121480242513603898e-01 1.161253776871788990e-01 1.068074522036410734e-01 1.114329764376624787e-01 1.162027029016876600e-01
5.275777065496667362e-02 4.738219165549728551e-02 4.550311622373670595e-02 2.059255440442453455e-02 6.059907223339955351e-02 6.794413924779174607e-02 4.635690026517469420e-02 3.159528731740968155e-02 7.139574340827214982e-02 6.535953289428775292e-02 5.172755238447179771e-02 6.285144976953804807e-02 5.278298789725899276e-02 5.782241513697261581e-02 6.758161521586547593e-02 7.334610427115895170e-02 8.436608048196325704e-02 7.764775784493571642e-02 8.911511783331871328e-02 8.415628560608690023e-02 1.054938764699702158e-01 1.114194365644276541e-01 1.017592450969928564e-01 1.168026344034798214e-01 1.119054210056993348e-01 1.115534146223164935e-01 1.166562912607456148e-01 1.065772429304487900e-01 1.113679518547605607e-01 1.178086293321485289e-01
5.261894032260894249e-02 4.755917099050543939e-02 4.568970370643388179e-02 2.010369092116159884e-02 6.056160415111278006e-02 6.767614406646038638e-02 4.649530631072140707e-02 3.124940925577801565e-02 7.159066490130694405e-02 6.537197099972469339e-02 5.232643259732228103e-02 6.248026047271082462e-02 5.281326239842587533e-02 5.738676366935724360e-02 6.739054944356825949e-02 7.327638723382623454e-02 8.439235118475707509e-02 7.753250292456193016e-02 8.912238086875401422e-02 8.351692419727108074e-02 1.048620635949026880e-01 1.116651077572055062e-01 1.016954175498292479e-01 1.171719321389494972e-01 1.126326571733786697e-01 1.113378595252481063e-01 1.164284570396305618e-01 1.061683913991791073e-01 1.109426090080751770e-01 1.179543368892110866e-01
5.281213381531513207e-02 4.720257931661109296e-02 4.604216080787870702e-02 2.149886973281911473e-02 6.075092633101886186e-02 6.723680993037661757e-02 4.636520084805262343e-02 3.199743099260698997e-02 7.217405092050022120e-02 6.597503788505143518e-02 5.236415148349982118e-02 6.304429921300713779e-02 5.286163147006761598e-02 5.781798061801590727e-02 6.775805183227068262e-02 7.343782440041479731e-02 8.308703730049127323e-02 7.759899784437918058e-02 8.926720990072523065e-02 8.392651870201794928e-02 1.045172552865820670e-01 1.113407162255910521e-01 1.019702311816197415e-01 1.178826613614729624e-01 1.126186902509331844e-01 1.119950845368122838e-01 1.168359674662182712e-01 1.067167385476446295e-01 1.119897355266910033e-01 1.173874435471013999e-01
5.260285533382380585e-02 4.705701115190263906e-02 4.553909447700799085e-02 2.016272217505821196e-02 6.067670594957963459e-02 6.767173516991342730e-02 4.668390556627399768e-02 3.175401581883141588e-02 7.179175557103167904e-02 6.547494268792908301e-02 5.196482298468141359e-02 6.275810971696005325e-02 5.284213534848447580e-02 5.795829762706805610e-02 6.780080413133426909e-02 7.322814767820973181e-02 8.345752330582634215e-02 7.822769672316032263e-02 8.958306889677536411e-02 8.351639332542970529e-02 1.055321444742509662e-01 1.114784408372910818e-01 1.014835094544750405e-01 1.168661758457696376e-01 1.125393079386760586e-01 1.120685468054534173e-01 1.171010283326248125e-01 1.063032088276694154e-01 1.128034091722112109e-01 1.165209366004245073e-01
5.260596829564057053e-02 4.744678629533982672e-02 4.596119501659212681e-02 2.010551104965752067e-02 6.067108343103333468e-02 6.760973818486348819e-02 4.637646770632697368e-02 3.084847088604258936e-02 7.200866392148164152e-02 6.541817096393520714e-02 5.194302763631952757e-02 6.339928479599299393e-02 5.301624722583575533e-02 5.800999436159726130e-02 6.751060601423475305e-02 7.328590033639259538e-02 8.421372810548888310e-02 7.814180230655098924e-02 8.936641773895437346e-02 8.260499162202794565e-02 1.056024805928263977e-01 1.108756356365370177e-01 1.003413947571529796e-01 1.172762108134659531e-01 1.119746605091882508e-01 1.125586881455145072e-01 1.170507307438821698e-01 1.053009354527769670e-01 1.119628261353082799e-01 1.177647882671393198e-01
5.260319771182708770e-02 4.713080530170299376e-02 4.554810405501186210e-02 2.026127695937618434e-02 6.044725971609055115e-02 6.783675155392732137e-02 4.624495671030892652e-02 3.149574165021018501e-02 7.182517936445176332e-02 6.509084250190455556e-02 5.261274028211548881e-02 6.264366499027462787e-02 5.332033749464781813e-02 5.770073731687053176e-02 6.758719914486355229e-02 7.369995412085161846e-02 8.396305171456863725e-02 7.833708479249978929e-02 8.957424064913821482e-02 8.347395682147462637e-02 1.055966323298844767e-01 1.119087695562894780e-01 1.016862789143209156e-01 1.181861061576823246e-01 1.132089977092398669e-01 1.115157851596810801e-01 1.168064998691979994e-01 1.066148031891320791e-01 1.126639352301945785e-01 1.172764329106976700e-01
5.317284453028303659e-02 4.733602616942156338e-02 4.614479218984279818e-02 2.042449891366482362e-02 6.130564051298748041e-02 6.784057604628856986e-02 4.667908180446533883e-02 3.161334107971280893e-02 7.172173719981556061e-02 6.526248102939091744e-02 5.301467072105059408e-02 6.287127903280520513e-02 5.381604270133877321e-02 5.800436590521607094e-02 6.831710742801799796e-02 7.390195490709294823e-02 8.307527746544907110e-02 7.754216953954928826e-02 8.975778298133652022e-02 8.341110589036704326e-02 1.049290240753322223e-01 1.118460605681130815e-01 1.009479133189192801e-01 1.173171179589909130e-01 1.132027389584864263e-01 1.127223633102421019e-01 1.168976088179329853e-01 1.055614356683913790e-01 1.111355537776956837e-01 1.168586982800936536e-01
5.252786090268890540e-02 4.678243279802285493e-02 4.532496761848037181e-02 2.017430996148150690e-02 6.096471373316436626e-02 6.658967244814539832e-02 4.642551587391330337e-02 3.113575054036732404e-02 7.104412623062716925e-02 6.469258596495519598e-02 5.206169833772222866e-02 6.247782522523515070e-02 5.287175122632303825e-02 5.757542990007857853e-02 6.725119288843472987e-02 7.332255339151938500e-02 8.473482568700041462e-02 7.793906712908382772e-02 8.896411205502374742e-02 8.356111713851666067e-02 1.055324832990285344e-01 1.116164784375961450e-01 1.009129495234595275e-01 1.171291406486827391e-01 1.126466918774278181e-01 1.116108378476339258e-01 1.160300230769011343e-01 1.057125407676926532e-01 1.120670395749301385e-01 1.159080737531135163e-01
5.298129355058622814e-02 4.711137647176144583e-02 4.582849932997423714e-02 1.998597753404407484e-02 6.105427472115310117e-02 6.769059681622824343e-02 4.662234264709863574e-02 3.165260692831450839e-02 7.169970509558254435e-02 6.506147430621012084e-02 5.180964383747110880e-02 6.268245830096219606e-02 5.320095303316629831e-02 5.794472327726052363e-02 6.758827207218209843e-02 7.355718075694639424e-02 8.403526451863174707e-02 7.702421592638475367e-02 8.900048384385494948e-02 8.381826715809825856e-02 1.054445936261600991e-01 1.111552364503181067e-01 1.014401721458559891e-01 1.165360173118301645e-01 1.120107262118013036e-01 1.120262279338350986e-01 1.167569106825987468e-01 1.062455819516046063e-01 1.113797738450645891e-01 1.166454790044499923e-01
5.234705159468133751e-02 4.647339168916309049e-02 4.581549412615260053e-02 2.006951871802398202e-02 6.075723439536440118e-02 6.755938693352026014e-02 4.609325458349777804e-02 3.097359936162979999e-02 7.177127455913745457e-02 6.495727295663122902e-02 5.249917477244703257e-02 6.242675770425276660e-02 5.299383461142048724e-02 5.823889432296791568e-02 6.765337272074156694e-02 7.342785511227711837e-02 8.440359744241909823e-02 7.856697419278524386e-02 8.885485818028215910e-02 8.399081346486170219e-02 1.052288616808056965e-01 1.113797392682938092e-01 1.019107726524286495e-01 1.171622701476631168e-01 1.122693348538104097e-01 1.117921275494859756e-01 1.163427625746036309e-01 1.066924989721442785e-01 1.117504262603190579e-01 1.170234403897547626e-01
5.273217170591504299e-02 4.667553981379457539e-02 4.571307099190291545e-02 2.051904536959558989e-02 6.066227212966501803e-02 6.729391405437534779e-02 4.603075372208986771e-02 3.194222181816841477e-02 7.169398670871562906e-02 6.535053271847335310e-02 5.277934618834767555e-02 6.245827359130884382e-02 5.320575080198808315e-02 5.752953671788474388e-02 6.790550018993424253e-02 7.343676888060879371e-02 8.282767572773241938e-02 7.925284251625241971e-02 8.943499767399920586e-02 8.395818635678042874e-02 1.048450292102107717e-01 1.114162068778519199e-01 1.015323606724278793e-01 1.169346992383464290e-01 1.125910923393396157e-01 1.126207205495786123e-01 1.160723579711890885e-01 1.063636118516166906e-01 1.134919105132439210e-01 1.158470994477567295e-01
5.262193747615229178e-02 4.686451033116312281e-02 4.575236271565841228e-02 2.036317861348524438e-02 6.068201102105952316e-02 6.756862927797047114e-02 4.665441642636247721e-02 3.129200738622439637e-02 7.181880162800768908e-02 6.554690489991488178e-02 5.216976307649678901e-02 6.255107694199568691e-02 5.261885000493271569e-02 5.761539265346304894e-02 6.777750406540605788e-02 7.319247408984863590e-02 8.374617466327571869e-02 7.805630867223944946e-02 8.930413351959698431e-02 8.288310724854541789e-02 1.054458297835532132e-01 1.106541571668613333e-01 1.020087920398657921e-01 1.169701325365721800e-01 1.117471358837460738e-01 1.120397955864302908e-01 1.167655119847677003e-01 1.067365816283023516e-01 1.120049184062001935e-01 1.172234681247730226e-01
5.254406352949536618e-02 4.729109973831757685e-02 4.569051632098908300e-02 2.013140422170511812e-02 6.044889586291812833e-02 6.746488132327677079e-02 4.647905261283735712e-02 3.089983446521338273e-02 7.205198767377840596e-02 6.545340020428902506e-02 5.267727426587276440e-02 6.288306752159189550e-02 5.269598111567996845e-02 5.757945925514640351e-02 6.722684701816494801e-02 7.314436848597960505e-02 8.485627567227682633e-02 7.785450781501590534e-02 8.883825913737153357e-02 8.338062722910910551e-02 1.058578694426062228e-01 1.111052474809588464e-01 1.019201632684487713e-01 1.165784587180451748e-01 1.123307840611800223e-01 1.110670816049343923e-01 1.163567208113271967e-01 1.059639629313409159e-01 1.112430203585716981e-01 1.167302739977775783e-01
5.318150157985290782e-02 4.657724829401144184e-02 4.563033798309623634e-02 2.031008417357815787e-02 6.100982650791841877e-02 6.769313832793399932e-02 4.619521038538842994e-02 3.164457360579064904e-02 7.161036691626287976e-02 6.519573079327312115e-02 5.255138670837378179e-02 6.285630333934810743e-02 5.310483939856092128e-02 5.774498758403123766e-02 6.746624507485221578e-02 7.320218876270789821e-02 8.370184940965863518e-02 7.837368399081312553e-02 8.912779569266304769e-02 8.279361790630446194e-02 1.054036636638115976e-01 1.108014110942459052e-01 1.011594199543424111e-01 1.163123813872253276e-01 1.119009267128363572e-01 1.112254381295458838e-01 1.163038946377958904e-01 1.060516108876448094e-01 1.113021669552656245e-01 1.172028047398903094e-01
5.228012754484812064e-02 4.700309370275013165e-02 4.572725540601063621e-02 2.012469105614189679e-02 6.052791232572674041e-02 6.763694236361628143e-02 4.666493186356235334e-02 3.177164023285738992e-02 7.142768253697395764e-02 6.494863563082731162e-02 5.163145991876105789e-02 6.253611944885806295e-02 5.305833623119182718e-02 5.799482472624162277e-02 6.732525124661892235e-02 7.324193119008137742e-02 8.425093521979976074e-02 7.887601853073733515e-02 8.883669976973829208e-02 8.377279001156878735e-02 1.063300693435413891e-01 1.108653112931197171e-01 1.023534226494751120e-01 1.170203439081438646e-01 1.122298873402030051e-01 1.111025784446275644e-01 1.161602455324619587e-01 1.058344142107079389e-01 1.119798096106465746e-01 1.169982994813265620e-01
5.307419183352757308e-02 4.695855881155952538e-02 4.570408094864597537e-02 2.017672161095207528e-02 6.077769775017616283e-02 6.762985372610175183e-02 4.668092898584075279e-02 3.186691543623454415e-02 7.143271390677230492e-02 6.500950966431640055e-02 5.247021506125260082e-02 6.271548564680418103e-02 5.337122587965192899e-02 5.806800047523585917e-02 6.784746466756064187e-02 7.349043223294393634e-02 8.363075399717723180e-02 7.807962712089278057e-02 8.966982818310365033e-02 8.367480766675261528e-02 1.062735253048694428e-01 1.113323740774649906e-01 1.017362842177844673e-01 1.170693453721380894e-01 1.123358006327637160e-01 1.117972073091035856e-01 1.172728921124390755e-01 1.070221426035664614e-01 1.117472976151707709e-01 1.166942060209186227e-01
5.325065706164333612e-02 4.711805454398998450e-02 4.570023737579842482e-02 2.027049365552713311e-02 6.100891329885671510e-02 6.721200555509643237e-02 4.647009122888356991e-02 3.190973549420661470e-02 7.130827268884165626e-02 6.490420126259044409e-02 5.220231644047590436e-02 6.279553247630498269e-02 5.294811225974838109e-02 5.845416255676161299e-02 6.765912924732497835e-02 7.320064290245986705e-02 8.383851067386438594e-02 7.805388248505296112e-02 8.959414030551182684e-02 8.423751772551746342e-02 1.056100785569733524e-01 1.110812393622988559e-01 1.015239892134929267e-01 1.170047404437779548e-01 1.121580396796399981e-01 1.121953724116739881e-01 1.167901523437424594e-01 1.061637647127819939e-01 1.117014468254950987e-01 1.162095051189393491e-01
5.241986591438285714e-02 4.699680400045402884e-02 4.539193300166299849e-02 2.027657528686055421e-02 6.041865415244584980e-02 6.747802535524738410e-02 4.650072478189515301e-02 3.108710022707827925e-02 7.151783648306908603e-02 6.524553239487218548e-02 5.184948036275516259e-02 6.276268639478987943e-02 5.301991570812036869e-02 5.809280632857483084e-02 6.760464053200321288e-02 7.335330339940537847e-02 8.450930249781185566e-02 7.919069389187094465e-02 8.896884543464889106e-02 8.371518419690349155e-02 1.060828486271927495e-01 1.116209131559782186e-01 1.010472927889214390e-01 1.166900557428360852e-01 1.124721524829279673e-01 1.117157896157865427e-01 1.165351092261091015e-01 1.055554425925584461e-01 1.121245616226913544e-01 1.172197229280840247e-01
5.266903016164570239e-02 4.700916054804249455e-02 4.578184569513621405e-02 1.995652479284615310e-02 6.071346412501466006e-02 6.725064206558606372e-02 4.657630855839944850e-02 3.073223266379243590e-02 7.195735598630803587e-02 6.480432626474907920e-02 5.238011796522878960e-02 6.224434815509183316e-02 5.296126643945719970e-02 5.701594264636100640e-02 6.793559123831194313e-02 7.347058396808869851e-02 8.386704689695467785e-02 7.759084122835591124e-02 8.957646789647122354e-02 8.363697048545715163e-02 1.050138268141038722e-01 1.113603587235936221e-01 1.012632344218575842e-01 1.172828471200146883e-01 1.127857719713516449e-01 1.120696027905683234e-01 1.170317658425354956e-01 1.059482483941440734e-01 1.114596450437679298e-01 1.173113059509987011e-01
5.263934974572470615e-02 4.711199849392033734e-02 4.559181588673966168e-02 2.007250090827339406e-02 6.039678333076725636e-02 6.760138146175820317e-02 4.651188530065297755e-02 3.107976304844428661e-02 7.193979386767868078e-02 6.522491858490520045e-02 5.205387957818397027e-02 6.289719632626367130e-02 5.298108451361427385e-02 5.836537621568771428e-02 6.751776378166751691e-02 7.343424738460813117e-02 8.379170806260338722e-02 7.807431351467664093e-02 8.945823906177241547e-02 8.406705978402140289e-02 1.046283679551933687e-01 1.116137860174921670e-01 1.022068857204760928e-01 1.172312801372219493e-01 1.129908991342096769e-01 1.117359639595763010e-01 1.170260300517027563e-01 1.067540030481819446e-01 1.119176286244816243e-01 1.164475778934788153e-01
5.237621992675500771e-02 4.711130287684772711e-02 4.560091250244657779e-02 2.024405639073312280e-02 6.044376736473289213e-02 6.744179858492227453e-02 4.671047885410017919e-02 3.101885107891977356e-02 7.157074011067532382e-02 6.545679005066307177e-02 5.209316207860470449e-02 6.284659673448400596e-02 5.314233168173143618e-02 5.721118858358864578e-02 6.782693152517649260e-02 7.325110208826357550e-02 8.450165238095652676e-02 7.765134749096702649e-02 8.981174667505986697e-02 8.264236757274034950e-02 1.047896591246866294e-01 1.109355566391361236e-01 1.008127721719742631e-01 1.168807740536812467e-01 1.125608620557403405e-01 1.127295042148819260e-01 1.169568219202337112e-01 1.053372964458416661e-01 1.110885109550283634e-01 1.173696955776888373e-01
5.262640274681107400e-02 4.744432202232795603e-02 4.635381480501599150e-02 2.039650893601652193e-02 6.100342445845186035e-02 6.788934389069045672e-02 4.661497937130976155e-02 3.136099830660477039e-02 7.242586751447332993e-02 6.599887649410351997e-02 5.179011385442189308e-02 6.338386154890240931e-02 5.286633223967518447e-02 5.777366511731019116e-02 6.745032599756251024e-02 7.317135271187691359e-02 8.383868796759363917e-02 7.846956564292462133e-02 8.897666626362021880e-02 8.343021520865701035e-02 1.056383084934708894e-01 1.111065586726815990e-01 1.014284430601302134e-01 1.173968051707809934e-01 1.124050962490028560e-01 1.125460577353629699e-01 1.164711149881763053e-01 1.062976545900855552e-01 1.113746742146100033e-01 1.173298597366250196e-01
5.312835105439162042e-02 4.763928551830809432e-02 4.580903742053354932e-02 2.031674513353531886e-02 6.106355283887454632e-02 6.732105556276435365e-02 4.692453013645914162e-02 3.155578002313230712e-02 7.211680392669839179e-02 6.507330478075679103e-02 5.277009953485700677e-02 6.271406117891875631e-02 5.325004049240611437e-02 5.847725998284358795e-02 6.828737731421474777e-02 7.324271026181650157e-02 8.338834888144308621e-02 7.808672000702165938e-02 8.958259038514526651e-02 8.414121896380954979e-02 1.051295582615405788e-01 1.115685137059572174e-01 1.019848910606471204e-01 1.168440024873418359e-01 1.126321394262805864e-01 1.127095122296815077e-01 1.169778541454962184e-01 1.064074113012514200e-01 1.121583951428635206e-01 1.174934983842739200e-01
5.294676395624886567e-02 4.712667358295163922e-02 4.622485437130130492e-02 2.008605831105891859e-02 6.132578592131721074e-02 6.769823421656839812e-02 4.649641348065181035e-02 3.091965795542317430e-02 7.203544945183670833e-02 6.541091305366619757e-02 5.232079958675095455e-02 6.279039940693520450e-02 5.288288992102208042e-02 5.732864413254912250e-02 6.763512781046365774e-02 7.345290010885130449e-02 8.306103104046069774e-02 7.737571825163280792e-02 8.970329236317686750e-02 8.378256977191278487e-02 1.047661529579468898e-01 1.111802054984802890e-01 1.020638356606005104e-01 1.168990620602168296e-01 1.119451576235146462e-01 1.116926005299605507e-01 1.172386009544497121e-01 1.068142551150097486e-01 1.119013731418454505e-01 1.173177141875341167e-01
5.266644188952196437e-02 4.748547026806093641e-02 4.622698984602968686e-02 2.022530173384651242e-02 6.082943610933200240e-02 6.731654071931303385e-02 4.643347983627865716e-02 3.157970136333809741e-02 7.187502857364802544e-02 6.510554875579743772e-02 5.217979200715117116e-02 6.296410205048519337e-02 5.299326618642141717e-02 5.749699647382877643e-02 6.784046181435932077e-02 7.341227065061839419e-02 8.372660360776151833e-02 7.845542628456159129e-02 8.950255292016984221e-02 8.353748257991733261e-02 1.052139958196796066e-01 1.109508550193780696e-01 1.017124628579229029e-01 1.166825066647290132e-01 1.126009442040070141e-01 1.120622809020814792e-01 1.168070244596342011e-01 1.063313824756009218e-01 1.126066947030590626e-01 1.169828548031186521e-01
5.282237231003739097e-02 4.741104097616388735e-02 4.598750883318580840e-02 2.023660788217895856e-02 6.081646397663820203e-02 6.758844606470715277e-02 4.629859083002374476e-02 3.102892819924174539e-02 7.200519520498538384e-02 6.526120890630426885e-02 5.237984293549069470e-02 6.279146870168927919e-02 5.285890334300558102e-02 5.727533601039191957e-02 6.733935701424620390e-02 7.324086058318557413e-02 8.325584518348483343e-02 7.692132820030916918e-02 8.931358075739970204e-02 8.356422911052407976e-02 1.051249655650801085e-01 1.112990106916023070e-01 1.012487134664374899e-01 1.171172841864620562e-01 1.125725413663154484e-01 1.115596332303232519e-01 1.163110139599834447e-01 1.063172085699672920e-01 1.109136166812862978e-01 1.179141183892964406e-01
5.288250524019466603e-02 4.779017206163782561e-02 4.566199296041029143e-02 2.015835228272044866e-02 6.099357732151666767e-02 6.768465136263079884e-02 4.702892756904586413e-02 3.085742761475618323e-02 7.171270336691759617e-02 6.496917171350147235e-02 5.244347923461734062e-02 6.262499036345192671e-02 5.302878663100307755e-02 5.744688017746280018e-02 6.780676526660522896e-02 7.384336818593006946e-02 8.399014276984995142e-02 7.932772090806849974e-02 8.943142606752885193e-02 8.403046606635777849e-02 1.055932588172578956e-01 1.116479238701071353e-01 1.007574770077857007e-01 1.174934178235946813e-01 1.128395635274306308e-01 1.122256439526483351e-01 1.170799108007090084e-01 1.051119242769540385e-01 1.123836478006008388e-01 1.170019927123533421e-01
5.286532171864188889e-02 4.679843754136214784e-02 4.607900032270739743e-02 2.036846364460798142e-02 6.091628360980538837e-02 6.765717587569564095e-02 4.652558938858586401e-02 3.112111921621729671e-02 7.152986295677421502e-02 6.517326070017315232e-02 5.233377805986250131e-02 6.269380087348630504e-02 5.340126982828663493e-02 5.764867139792984041e-02 6.826642965416218622e-02 7.421740128817555515e-02 8.369914657541954739e-02 7.800838558314615589e-02 8.990395393817762759e-02 8.333351531862276396e-02 1.047962541572473594e-01 1.116548446043270637e-01 1.010123754755669623e-01 1.175164912160302499e-01 1.132181326479291261e-01 1.127565867132112043e-01 1.164900405744091483e-01 1.058150211734816271e-01 1.123156046852484824e-01 1.172700303376663644e-01
5.275094830722770745e-02 4.641035164702311810e-02 4.539630516221149215e-02 2.008370187539565421e-02 6.079624710013820099e-02 6.754217948145480044e-02 4.631411023051645870e-02 3.070337123259392342e-02 7.144108871803744876e-02 6.498632648865987349e-02 5.243796932605615524e-02 6.256022967574215166e-02 5.348600201201980653e-02 5.740913989041240839e-02 6.815928417896843783e-02 7.365778859090599262e-02 8.447664774561425283e-02 7.849873326325806921e-02 8.993646712838376800e-02 8.270685094779683944e-02 1.051070146185706378e-01 1.113799796439345346e-01 1.006169991339527225e-01 1.176203928324714987e-01 1.124833167104133391e-01 1.122665260313042701e-01 1.172866540110222289e-01 1.055889588877001461e-01 1.121295388041922969e-01 1.169311651543305519e-01
5.267072238717940280e-02 4.690258907685884715e-02 4.550093977123403910e-02 2.139975868324150987e-02 6.070745498904561721e-02 6.737498502885075347e-02 4.608382988589121432e-02 3.195238670616351584e-02 7.165032124010295433e-02 6.541119693699393167e-02 5.181913225981249482e-02 6.234479434667550279e-02 5.262796108615441781e-02 5.811026742830849301e-02 6.757459871910942439e-02 7.287948974771807364e-02 8.314121466734691879e-02 7.734410501275701399e-02 8.932354895390970384e-02 8.320851316354160865e-02 1.047065034699037334e-01 1.106161892312396144e-01 1.007168032266998470e-01 1.166443302949333738e-01 1.119000086253354453e-01 1.112478360631372620e-01 1.171024505219895318e-01 1.050270976305953674e-01 1.105572927946358863e-01 1.167419910973446218e-01
5.274335834308763182e-02 4.625354680154170062e-02 4.543358725180479674e-02 1.977736916129479994e-02 6.085840943226372701e-02 6.726132837516041185e-02 4.612030997486527006e-02 3.067594834218057009e-02 7.169593855294631446e-02 6.481883985154079930e-02 5.202665618016477644e-02 6.237446056611495315e-02 5.260559766662242787e-02 5.663690847712565812e-02 6.774665823113390495e-02 7.250768072905433570e-02 8.379158053400459494e-02 7.793414171826484882e-02 8.892804035779611205e-02 8.343529001343807927e-02 1.055274430118127160e-01 1.115008535366102116e-01 1.010072869159297504e-01 1.162579991145227254e-01 1.121442375521686241e-01 1.116226680645051594e-01 1.167037104153996196e-01 1.055409808994178800e-01 1.112241897787487055e-01 1.171292851531768875e-01
5.305492324214600153e-02 4.646759652788357009e-02 4.590027771896298958e-02 2.010508239732056168e-02 6.116344327176426177e-02 6.747033391104317879e-02 4.654187461960113126e-02 3.066258085012019130e-02 7.140124455983398732e-02 6.507046665765581217e-02 5.290101820187853576e-02 6.331535281700495510e-02 5.357335951483577219e-02 5.629930329239107856e-02 6.772004875726067574e-02 7.371108643369539415e-02 8.432244945225741972e-02 7.821864335248696065e-02 8.979553239958648625e-02 8.181694631306690724e-02 1.058043507805617178e-01 1.112112257770192514e-01 1.001622351674491540e-01 1.174809789499715595e-01 1.123692206112074654e-01 1.120869658243131006e-01 1.175468033603142004e-01 1.049082664688891775e-01 1.122318968931361738e-01 1.170852124792420845e-01
5.267049565226034069e-02 4.638181721045331329e-02 4.551299788607110486e-02 2.083311043471147705e-02 6.053689970045317281e-02 6.749446760732569217e-02 4.600616666760881657e-02 3.082296560181330136e-02 7.146468133084593610e-02 6.500360062763199664e-02 5.208968430882565670e-02 6.239976131888447242e-02 5.312605729128483389e-02 5.711606595572926715e-02 6.755572194562398103e-02 7.308154798750732262e-02 8.404945673780317428e-02 7.852728079902160374e-02 8.944676159437303653e-02 8.350367350864229543e-02 1.058762048375223586e-01 1.114413793802173647e-01 1.023388771659003993e-01 1.166773982162694345e-01 1.128524820572782694e-01 1.122151984337722563e-01 1.169691621517214841e-01 1.065457776637690479e-01 1.121064828335498476e-01 1.167067642381465209e-01
5.303745492603262335e-02 4.756027437187904106e-02 4.584496101194113216e-02 2.066834839031783666e-02 6.141794776620068674e-02 6.786793052958284278e-02 4.621898670739632564e-02 3.114524252244854630e-02 7.201542128529569986e-02 6.506920801756366224e-02 5.221631920605274146e-02 6.273950861258459355e-02 5.287302663812720738e-02 5.770272014528643467e-02 6.732622326190274009e-02 7.318607887915629107e-02 8.388390038417226080e-02 7.748264433731910650e-02 8.940652642986468557e-02 8.334844339311664463e-02 1.053041934728573548e-01 1.111996779223274334e-01 1.015074068526913287e-01 1.169280932840950360e-01 1.126561030185757595e-01 1.119075776980553716e-01 1.169823064042965211e-01 1.060759232789025841e-01 1.120316160912808723e-01 1.160122516275585713e-01
5.286929836706399932e-02 4.738183549269336936e-02 4.598115424283011343e-02 2.043712054174728898e-02 6.087157313712521223e-02 6.783984073606275089e-02 4.671674873395814664e-02 3.149670154703043679e-02 7.171555979765154021e-02 6.540638725106595608e-02 5.278085467867454916e-02 6.321493942939881983e-02 5.356475502755797535e-02 5.869240491070715215e-02 6.831044588149604024e-02 7.373680327548615132e-02 8.296380285633131457e-02 7.845103491561578046e-02 8.988648452128922273e-02 8.220825820122645844e-02 1.054199725403004440e-01 1.117273181257352199e-01 1.002995915243967140e-01 1.177651042919503066e-01 1.130888542452856971e-01 1.125508320168833176e-01 1.170604623076429984e-01 1.054616625075557312e-01 1.124516570616169719e-01 1.169907157490053251e-01
5.285344281420556456e-02 4.741747461991541179e-02 4.566373005211343816e-02 2.022277010049222667e-02 6.071221650803604319e-02 6.729541393480076295e-02 4.637458005474526246e-02 3.180183680391457379e-02 7.195848535847604310e-02 6.520451157773843320e-02 5.184703074743013396e-02 6.233381751317335073e-02 5.274942661310744185e-02 5.737947034728119178e-02 6.762017905422634811e-02 7.326655434739692829e-02 8.369863647179709432e-02 7.798076673947962334e-02 8.864699515671770058e-02 8.263390837602613281e-02 1.048478239281196434e-01 1.113259682520451044e-01 1.010429570713848868e-01 1.168726589260491444e-01 1.123997598662591635e-01 1.122214273562787135e-01 1.166275822734803569e-01 1.057899667322381720e-01 1.114400494021583476e-01 1.170247759119407149e-01
5.283737426564760753e-02 4.735630374704391521e-02 4.533675690439564754e-02 2.113078052311823107e-02 6.093571377314832560e-02 6.709771446262058348e-02 4.635139824179246304e-02 3.162293140506622358e-02 7.163337405262426572e-02 6.522687293620554883e-02 5.215958210280691176e-02 6.293224891213156091e-02 5.258379560320736168e-02 5.752233463526668089e-02 6.730403522758399149e-02 7.299713405343744022e-02 8.321282790886064262e-02 7.750759301429233084e-02 8.894342423318679636e-02 8.339174928008818988e-02 1.048833195768148485e-01 1.109110040288909804e-01 1.012358464459583995e-01 1.160026488661687338e-01 1.114859572516326836e-01 1.118776006228505704e-01 1.166118448183497414e-01 1.062141829622966771e-01 1.110910870653696314e-01 1.170613046495494469e-01
5.304496645300438296e-02 4.666464224813093864e-02 4.575934867719655408e-02 2.027076864196164507e-02 6.077029461928273868e-02 6.744505943290013406e-02 4.648607090643719353e-02 3.120853496660003223e-02 7.146640259206704648e-02 6.486242375862993903e-02 5.234035035759276866e-02 6.258978647605695222e-02 5.276176012366917689e-02 5.793390537636189386e-02 6.760342420057874335e-02 7.356650703915335043e-02 8.350903196156078678e-02 7.811213514969073124e-02 8.957008500575613930e-02 8.310669122609004589e-02 1.052039335106034201e-01 1.111841152936514643e-01 1.014000590932746526e-01 1.168688848084789011e-01 1.124716025443275313e-01 1.118114712524875820e-01 1.167378184736471702e-01 1.074259665372971906e-01 1.122531202827590224e-01 1.167118073265771550e-01
5.294918890616884255e-02 4.753844311276567147e-02 4.585534939512436736e-02 2.064563377981509795e-02 6.123186854105289179e-02 6.778454839847203317e-02 4.650127685475347050e-02 3.206371274842312324e-02 7.165594939222064141e-02 6.490823713122129135e-02 5.159515876876930029e-02 6.281359962827282040e-02 5.305881317814686859e-02 5.788236336403151938e-02 6.781681687288299010e-02 7.322153352269089588e-02 8.443952980584090717e-02 7.750762400211197445e-02 8.895431065164172146e-02 8.347448675269464324e-02 1.046009576725930312e-01 1.115238455079263780e-01 1.020612801891835897e-01 1.165243772925903532e-01 1.126566005361824274e-01 1.118227881693016901e-01 1.173528165677075741e-01 1.071961932703924258e-01 1.113459649778349991e-01 1.166335622171730257e-01
5.313638056884828487e-02 4.698643331641072507e-02 4.567659849746452672e-02 2.023126363610439071e-02 6.081919299112481525e-02 6.768810963135707404e-02 4.660714272292132421e-02 3.170151356430950251e-02 7.165875508997521237e-02 6.521067516495371308e-02 5.178790284194279003e-02 6.232505754574568790e-02 5.337792362696891502e-02 5.789274234353225523e-02 6.774646012737228773e-02 7.311120392393499756e-02 8.410127597976901903e-02 7.740780652450784949e-02 8.923492027693202822e-02 8.395860937382004785e-02 1.050284987545988535e-01 1.114897196929900414e-01 1.021294457672099476e-01 1.170172950817263136e-01 1.127396607344282042e-01 1.119365882562310954e-01 1.167971320639171751e-01 1.066223385949671698e-01 1.112718715388663071e-01 1.164129942909803983e-01
5.288636994316453510e-02 4.721874966764683101e-02 4.583123670540589778e-02 2.011996773596247401e-02 6.073467106487639988e-02 6.728172943171983889e-02 4.648345148702670571e-02 3.118338947635135305e-02 7.186819455858195482e-02 6.516658560056720617e-02 5.220936323019187419e-02 6.268313007176984364e-02 5.323918985712561280e-02 5.834232650872417381e-02 6.784412861406763362e-02 7.369791989498430951e-02 8.359274933531324336e-02 7.838096870361832558e-02 8.944905626702137624e-02 8.373399182666019236e-02 1.045572069252085345e-01 1.115796082289450819e-01 1.006887945420567032e-01 1.172618287333231368e-01 1.128822787533716454e-01 1.114972911452873916e-01 1.165387338982217802e-01 1.053576026882241390e-01 1.116248982031857739e-01 1.163006715702388227e-01
5.284165776833504857e-02 4.707774420576482655e-02 4.588339990051082395e-02 2.048292342130686450e-02 6.115246798464579747e-02 6.743322103795912348e-02 4.635891116955059843e-02 3.218622847803298548e-02 7.182389993518878413e-02 6.504016291705094766e-02 5.217810751653151335e-02 6.237959420160921198e-02 5.290260616078867884e-02 5.777167972683150410e-02 6.792917055224334533e-02 7.349884307307408271e-02 8.417742063606192815e-02 7.777115578612758817e-02 8.903663958820851043e-02 8.451147572105366379e-02 1.061370770454759249e-01 1.108312088190481770e-01 1.024875192613314834e-01 1.172445544612690238e-01 1.122203646494048801e-01 1.106174876708596599e-01 1.169921899974788460e-01 1.070495348176891959e-01 1.111543902314646726e-01 1.173056764394875273e-01
5.364358651818301738e-02 4.653418643853690639e-02 4.571664770877026385e-02 2.022792296101916243e-02 6.155002828063671494e-02 6.756486068488931629e-02 4.618602940046323546e-02 3.234337585982816066e-02 7.129975175308467250e-02 6.550326804484107868e-02 5.218845263987770267e-02 6.241310930977705951e-02 5.296815239713037471e-02 5.783614285676552669e-02 6.763585788020587408e-02 7.325066943964686494e-02 8.336770906830537342e-02 7.702441950247607139e-02 8.943927776201254787e-02 8.425416819679454328e-02 1.046929295234388935e-01 1.109487269488498296e-01 1.029054104193360963e-01 1.168595824095022273e-01 1.118351773899035617e-01 1.115291129219146971e-01 1.165750456293279669e-01 1.065378934433651725e-01 1.101782105348090290e-01 1.165926231936331714e-01
5.238533123500777045e-02 4.712617531094909218e-02 4.532013608087970269e-02 2.004601055524202202e-02 6.054408400488142661e-02 6.745923697057820689e-02 4.673877473875309718e-02 3.186108065901338549e-02 7.124864758876725546e-02 6.508864189485197294e-02 5.221671339630473696e-02 6.282892656117788910e-02 5.315983884745367760e-02 5.810130170590288579e-02 6.757084431083493214e-02 7.301235063089439592e-02 8.331628124254386591e-02 7.790490238667979739e-02 8.892797354537607113e-02 8.389006235481200058e-02 1.061232939043148527e-01 1.107916141592890646e-01 1.019472370321410359e-01 1.162652278601707945e-01 1.121158697975577212e-01 1.127580675444088687e-01 1.165845934109712712e-01 1.066005133467877730e-01 1.106290579525683881e-01 1.166813007553495485e-01
5.248516156560212309e-02 4.709422283003061871e-02 4.570287407394135748e-02 2.008477187274770870e-02 6.062210707463910886e-02 6.789438943346648436e-02 4.617189199131321864e-02 3.087491458349100881e-02 7.195143607939713526e-02 6.581414482394332133e-02 5.208684563982890481e-02 6.255972858993574803e-02 5.322435751595189224e-02 5.804890390423889102e-02 6.806190871148665167e-02 7.361948431466580622e-02 8.409021837935082289e-02 7.898706946633171633e-02 8.932335552503811726e-02 8.361467104083120105e-02 1.058538524017014204e-01 1.117683807814673358e-01 1.017785072078585262e-01 1.171390959547180532e-01 1.126507461818735401e-01 1.117238475055242208e-01 1.174284836496177764e-01 1.065766389220550447e-01 1.121870898346279954e-01 1.175532710468549791e-01
5.292351291992214435e-02 4.700984942152786061e-02 4.577192391405571215e-02 2.015383380945601210e-02 6.092341793636957270e-02 6.734207650586165883e-02 4.583466325611196268e-02 3.176390467065770551e-02 7.188342630407684730e-02 6.521748005262795189e-02 5.151039509271648775e-02 6.280611111980971550e-02 5.289240478358436803e-02 5.795763817874521884e-02 6.768843003501312516e-02 7.327983031421969606e-02 8.343373240481155584e-02 7.774899765325016254e-02 8.936560829314910137e-02 8.253063941500227152e-02 1.042612267246652014e-01 1.117374163845084034e-01 1.011150013393569136e-01 1.169738239174451522e-01 1.134560317989592448e-01 1.116895788482330509e-01 1.173098447769735930e-01 1.064561894013940080e-01 1.117237735921090547e-01 1.178870661308530909e-01
5.233584621081432964e-02 4.773665290556294849e-02 4.575425908369723516e-02 2.009252254526106007e-02 6.040728060743760786e-02 6.817318137987515847e-02 4.718492571649823830e-02 3.093900896968082570e-02 7.195862839556044221e-02 6.523636993417558649e-02 5.148180331061769088e-02 6.256728615924589398e-02 5.299204387728106980e-02 5.754999316277653598e-02 6.740882049907814810e-02 7.307296406966323765e-02 8.329468090747349507e-02 7.836943596038348225e-02 8.951118635087151887e-02 8.364279213253644762e-02 1.055871970713717634e-01 1.109702862265709022e-01 1.010256860089704389e-01 1.168321244703447448e-01 1.119957795553760960e-01 1.120575467486957244e-01 1.168854174836553295e-01 1.060860688515823380e-01 1.120102469483370555e-01 1.167786322647668129e-01
5.278245028897909918e-02 4.699708603745733626e-02 4.570151659716148451e-02 2.001062250644647378e-02 6.057083136095209319e-02 6.734491355494864884e-02 4.647302808258890749e-02 3.084403095530041661e-02 7.135716403090230919e-02 6.524760509171678713e-02 5.157405877658471915e-02 6.236586404223221081e-02 5.272675229338052993e-02 5.795921646363422219e-02 6.717109761222239683e-02 7.260017739956481364e-02 8.345163758217388761e-02 7.774778194672804510e-02 8.868250083698159258e-02 8.421267415394662059e-02 1.057645931856079358e-01 1.111662387659611007e-01 1.014315820837501381e-01 1.167760269399578110e-01 1.124187446996531836e-01 1.113824543699877267e-01 1.164276911164849881e-01 1.062141912924909892e-01 1.113869371635884953e-01 1.171981762351081979e-01
5.282887188498164299e-02 4.668939460980436884e-02 4.546240751627061982e-02 2.010036710103624280e-02 6.081743308284082161e-02 6.692144435152003190e-02 4.655387884963602119e-02 3.151496212972348943e-02 7.143245067562409290e-02 6.476292298070362996e-02 5.190620976396176367e-02 6.238056303668670921e-02 5.346639505124395342e-02 5.739464883012024288e-02 6.790634473810386318e-02 7.337271232408659749e-02 8.405311056312925189e-02 7.813059116226916956e-02 8.957068055276296015e-02 8.362768428832367817e-02 1.057061508415400031e-01 1.110124151893674416e-01 1.014370743075854175e-01 1.170758077433387001e-01 1.121947720944003191e-01 1.121321928716427774e-01 1.174968056778866732e-01 1.063531330363693961e-01 1.119157252581719497e-01 1.167992103414050575e-01
5.305365860537603062e-02 4.764313228373828757e-02 4.595626650852513428e-02 2.026485483897477735e-02 6.086051235363254541e-02 6.811019944251284208e-02 4.652946912652322631e-02 3.207463619395056753e-02 7.193077118238755396e-02 6.553248756549989729e-02 5.240088579208057595e-02 6.312055919443171348e-02 5.302905754036335573e-02 5.851741017609657369e-02 6.734082864728851980e-02 7.320212879636467385e-02 8.403250609837353835e-02 7.802373097131853896e-02 8.916495999836726583e-02 8.431820876649509522e-02 1.061856180693230289e-01 1.114911019478470600e-01 1.011345291732166363e-01 1.164885679653286932e-01 1.126189048103161117e-01 1.109363630244699639e-01 1.169091035792646505e-01 1.047931090899010265e-01 1.116163300254673363e-01 1.168434311121870905e-01
5.279003038060769981e-02 4.705308772231542314e-02 4.560945481201628127e-02 2.021420328767575825e-02 6.060092976282960286e-02 6.754750771020590072e-02 4.661955233205117288e-02 3.207136943609034674e-02 7.170988590939675333e-02 6.505995447525636521e-02 5.148742220427249272e-02 6.323546459624762583e-02 5.300217174033061696e-02 5.846357909387567275e-02 6.735766809497079066e-02 7.295894934920887920e-02 8.425936564821956409e-02 7.752041928939590321e-02 8.949641387469475795e-02 8.351185747385048153e-02 1.063204143797262802e-01 1.108642601005762618e-01 1.020518065293896104e-01 1.166245379855788133e-01 1.119125579636386369e-01 1.118016313702931974e-01 1.166436143287867822e-01 1.066728846939839492e-01 1.110257326924737331e-01 1.171157397174449333e-01
5.243663531496944863e-02 4.717333410169888275e-02 4.573505690433488091e-02 2.045564129673271836e-02 6.052055051128002461e-02 6.737042904072487737e-02 4.688827515792581835e-02 3.110006366428264002e-02 7.168490042342767765e-02 6.514239478638450542e-02 5.226508477449010037e-02 6.297032078346465056e-02 5.313968589481787852e-02 5.809120554746094456e-02 6.759509366960259058e-02 7.344707430569386020e-02 8.386112868443440505e-02 7.813967032860724693e-02 8.929813806232811402e-02 8.384405095249936046e-02 1.058251978188020637e-01 1.108345288549428265e-01 1.023966976338379631e-01 1.169221656291881128e-01 1.125173624399016248e-01 1.117326854679274728e-01 1.172041309541260734e-01 1.073253093136297132e-01 1.119195328538205025e-01 1.168202102937492270e-01
5.329605440925710980e-02 4.665382608521295715e-02 4.580208846914857190e-02 2.031586276144237146e-02 6.105775300674110007e-02 6.743607236622461976e-02 4.669776294728733568e-02 3.112452845526436640e-02 7.193336684829532146e-02 6.523975853955121806e-02 5.231017023272754862e-02 6.244942502486217073e-02 5.307288806370946688e-02 5.812535373505101077e-02 6.737224826683063661e-02 7.306074854913746641e-02 8.474043212971849037e-02 7.773231447909290104e-02 8.961214492196289960e-02 8.420680647797840201e-02 1.063070810076012229e-01 1.114663444549994775e-01 1.025293127628286172e-01 1.167114666898807496e-01 1.128003707246396647e-01 1.115776803778183446e-01 1.169182645047497360e-01 1.069847036884221669e-01 1.115408490029559108e-01 1.162772856682314782e-01
5.263387470105906907e-02 4.727266050980682977e-02 4.584089510779842946e-02 1.956003385538074291e-02 6.068349007246864879e-02 6.777763790115920450e-02 4.675014616041783810e-02 3.008765417465886216e-02 7.187086016210653128e-02 6.487428711248566238e-02 5.210132722244908976e-02 6.285801989599248962e-02 5.329235878035465390e-02 5.635364884923976803e-02 6.784389620554343026e-02 7.351918616459895972e-02 8.367605974727321261e-02 7.817634620535174328e-02 8.939591993982110019e-02 8.214072247206649635e-02 1.058453827579270978e-01 1.116241920621134920e-01 1.002902356498165393e-01 1.170142467409196474e-01 1.125870250081042467e-01 1.129274308817127537e-01 1.171713463535077882e-01 1.053563396072776381e-01 1.120003432199938587e-01 1.172411653024609812e-01
5.274770614677182223e-02 4.659828292398326965e-02 4.514295789987587959e-02 2.022581244151289148e-02 6.084759025323860371e-02 6.798281177042309054e-02 4.656852257502963610e-02 3.091902914276700720e-02 7.128920123254478547e-02 6.482415373179595264e-02 5.236833575247068495e-02 6.250191167844532103e-02 5.279928246905685185e-02 5.783033045761487578e-02 6.790156812667369479e-02 7.329387829183753311e-02 8.434344913611035999e-02 7.881578603175398712e-02 8.956936162368167587e-02 8.333392363665481639e-02 1.058082483988431743e-01 1.112167885945372081e-01 1.016722647859773510e-01 1.170770122944595482e-01 1.127527166296939942e-01 1.126201438317382397e-01 1.174340259655353158e-01 1.064046674352245869e-01 1.135153357692906262e-01 1.170768897247400631e-01
5.264134384060703553e-02 4.720005729189535870e-02 4.579457666377928504e-02 2.005179615268404270e-02 6.077486927328279442e-02 6.758534019238737756e-02 4.628101091687808477e-02 3.078574213037321705e-02 7.203086477863118731e-02 6.538711708903943709e-02 5.186039611629378321e-02 6.254376934597472015e-02 5.292219867601866135e-02 5.772485607496036231e-02 6.795442431829523677e-02 7.318993167960607948e-02 8.439490439863717164e-02 7.742854503894647245e-02 8.971809874718528199e-02 8.328989780822082523e-02 1.057578008859498819e-01 1.107345021353358661e-01 1.012149735013019303e-01 1.166260913595620341e-01 1.118446865751281383e-01 1.107321995286749683e-01 1.170643060742380115e-01 1.059357421870295024e-01 1.114992332142903386e-01 1.170700041551506754e-01
5.277570148236532255e-02 4.691649076695481035e-02 4.563390651722398772e-02 2.033810363920363073e-02 6.056278568112349880e-02 6.726677876855302607e-02 4.653005808150512124e-02 3.201418176573644914e-02 7.156031126470185910e-02 6.486456611411406392e-02 5.215242288838561890e-02 6.284268345959498347e-02 5.294565905813497508e-02 5.803748211145487446e-02 6.799935331095063873e-02 7.369876583584433760e-02 8.414800540930134076e-02 7.794099265552478784e-02 8.981647195276898366e-02 8.357529180476364061e-02 1.061591056399098232e-01 1.114195636639281339e-01 1.019342284531863374e-01 1.165011003704090609e-01 1.122850713744041329e-01 1.124288127058481468e-01 1.170658442467344962e-01 1.065234644276349396e-01 1.115477736145049636e-01 1.183040560948818154e-01
5.232908354894161285e-02 4.717929830803724300e-02 4.545610949084033514e-02 2.010082098439780474e-02 6.033940623454503438e-02 6.740598014631671298e-02 4.624308292346546168e-02 3.191221562273494072e-02 7.110561974169926636e-02 6.516821047479903761e-02 5.240438452699192062e-02 6.263990486164638938e-02 5.306854907431124424e-02 5.806614595903702991e-02 6.775850144902739736e-02 7.328082218091047650e-02 8.391169976359025284e-02 7.854996671707636935e-02 8.972359802091611769e-02 8.467829057148601457e-02 1.063141865185421864e-01 1.106021307085238714e-01 1.021830750874039850e-01 1.172824992785412856e-01 1.118698400779076785e-01 1.119497315657909109e-01 1.173222533707900528e-01 1.065165713552644888e-01 1.126261831408745806e-01 1.166564665145395363e-01
5.245004967142907759e-02 4.692455798078776219e-02 4.540388224905833603e-02 1.965963795134451075e-02 6.061431728518673623e-02 6.728082871652985020e-02 4.565435281431451386e-02 3.163745830101505341e-02 7.121078908350497727e-02 6.496346981571066159e-02 5.160162861618089458e-02 6.272827047163320735e-02 5.254877024821258402e-02 5.820436216525770590e-02 6.706225091283646300e-02 7.288543810374115139e-02 8.346678337313040430e-02 7.760767505345933515e-02 8.892015385275531258e-02 8.391092312170855827e-02 1.052018762899928905e-01 1.109912896681455319e-01 1.010241310341810639e-01 1.166760262397186221e-01 1.121017372203532148e-01 1.111010580370379586e-01 1.164853544076835945e-01 1.056768281537046050e-01 1.117273157275027184e-01 1.162882380845660091e-01
5.254087721507727515e-02 4.704630298939571631e-02 4.572254700768629831e-02 2.115927615930335293e-02 6.065954345188351304e-02 6.672199411383328282e-02 4.622125864834636388e-02 3.151741210576131103e-02 7.096342942866473713e-02 6.444348557221157847e-02 5.173995222098337621e-02 6.221588862301508094e-02 5.269319864736021763e-02 5.732548996083153270e-02 6.697360009512465240e-02 7.281437373388222056e-02 8.424389800610310175e-02 7.745515105774991582e-02 8.881306050135950869e-02 8.288330151072798024e-02 1.049106867967373180e-01 1.112122231239403014e-01 1.012209030928346021e-01 1.164165930141993766e-01 1.122483348514526913e-01 1.110539959039011926e-01 1.161948635924714424e-01 1.060670317532914630e-01 1.111414643378039191e-01 1.170940593407516772e-01
5.290359861772508943e-02 4.739059398429978920e-02 4.568723560008280948e-02 1.990948890693511331e-02 6.075279942429201441e-02 6.746788603578224297e-02 4.611002320061352577e-02 3.074103716653797669e-02 7.176169921428554588e-02 6.559263870621112602e-02 5.219959936222040575e-02 6.317595463366298958e-02 5.304682232021407096e-02 5.820860034860375620e-02 6.754561914793377753e-02 7.338106114111808687e-02 8.333342880914695883e-02 7.697703141436651464e-02 8.906282579116209241e-02 8.384123528860198959e-02 1.050909855221906497e-01 1.111714846751954422e-01 1.019942746937003708e-01 1.170967629509385155e-01 1.124522922544082260e-01 1.124171206791573230e-01 1.167413174366207507e-01 1.066589523224343861e-01 1.112031261135495441e-01 1.171813353707240601e-01
5.274202721200471622e-02 4.717433824741856796e-02 4.573450805201484393e-02 2.028976949593830348e-02 6.070064072293246404e-02 6.740184197837351121e-02 4.622507297744982147e-02 3.147031857007154265e-02 7.160794234050626983e-02 6.492408531688664830e-02 5.237016178429265700e-02 6.229635314525272527e-02 5.303944882490463364e-02 5.772763767115018929e-02 6.723139979761683094e-02 7.352255011346264801e-02 8.404220656896632669e-02 7.794911174242113994e-02 8.930393380763135269e-02 8.341006568493170015e-02 1.051899898693140489e-01 1.116318106958371636e-01 1.013499994450877129e-01 1.167806987124495599e-01 1.124882620301854708e-01 1.112104586902111780e-01 1.168809437611944002e-01 1.063714317838999612e-01 1.114406846811588636e-01 1.175225127123149527e-01
5.283509279379838830e-02 4.672768655058900933e-02 4.576400697185079025e-02 2.106439945306193273e-02 6.075834143295377743e-02 6.744517356673140895e-02 4.613706984620646878e-02 3.165363960869571613e-02 7.154598673732248670e-02 6.539799707842308685e-02 5.198367033876327703e-02 6.337209604514937311e-02 5.285957932042384400e-02 5.740584429821660173e-02 6.768662924830537442e-02 7.336810514152114493e-02 8.391404698205051638e-02 7.770818071615770428e-02 8.957955034029585484e-02 8.324182258201395790e-02 1.050943181629153678e-01 1.107824119068436808e-01 1.016218636259857977e-01 1.171236226475595998e-01 1.121056024503876980e-01 1.118905975924848750e-01 1.162967004725299347e-01 1.068117887185973114e-01 1.115362355312754516e-01 1.167380319130562061e-01
5.257452685376340362e-02 4.671940973828725419e-02 4.544604776233729382e-02 2.016323614963000388e-02 6.047009135632941401e-02 6.683630253177419434e-02 4.676148379571398728e-02 3.195790543785248516e-02 7.080561846423094607e-02 6.428603645728991900e-02 5.239474360059404034e-02 6.206809940633251088e-02 5.283773893468479699e-02 5.798230201206000523e-02 6.785057924040582833e-02 7.329582671405754368e-02 8.407309982986355124e-02 7.787101667349927148e-02 8.970521895517102884e-02 8.381668813085285663e-02 1.051581491733706297e-01 1.113726470554183834e-01 1.021070295433561537e-01 1.172602927528150207e-01 1.122554226570660063e-01 1.120752241004303595e-01 1.171585968981292414e-01 1.068945815101194352e-01 1.117629567182842898e-01 1.173785058748431087e-01
5.239468854077156124e-02 4.692389662922002991e-02 4.538322575223374677e-02 2.079222459148311053e-02 6.028047839905270600e-02 6.734726652394207314e-02 4.640030967768571379e-02 3.125432241184444848e-02 7.132878003853559967e-02 6.490711204747534602e-02 5.134707370230895407e-02 6.247260631442053125e-02 5.255853535018095712e-02 5.661501775024158079e-02 6.688586942763885546e-02 7.306962937770111743e-02 8.467525665025132930e-02 7.747462522986681144e-02 8.875630676650603235e-02 8.307893401131360989e-02 1.052400483214994686e-01 1.114614162480105364e-01 1.014813535316785309e-01 1.169299098450693464e-01 1.123253047689249939e-01 1.109987089931376847e-01 1.162741858831040087e-01 1.062182765661741080e-01 1.103190395047219940e-01 1.169535002835351278e-01
5.226601899588900757e-02 4.677985855802546666e-02 4.543121271394134908e-02 2.006973938784772926e-02 6.024254355578939624e-02 6.721902433431270474e-02 4.591855695866620124e-02 3.227964623907819686e-02 7.214954927747041502e-02 6.507095223066317047e-02 5.188066099130672626e-02 6.257563932867848955e-02 5.284932272264764030e-02 5.773320419561045469e-02 6.769678091880471094e-02 7.336775540669027151e-02 8.406256273057044481e-02 7.759415604899921881e-02 8.956630070257864951e-02 8.343742552399202594e-02 1.048406468005316228e-01 1.107946833632935668e-01 1.025728964442604862e-01 1.172673251286584506e-01 1.121531567744504798e-01 1.114865202485946227e-01 1.169001678104644171e-01 1.059202745954415104e-01 1.110039717576356555e-01 1.169694651905945904e-01
5.220964287433127460e-02 4.696046826432209720e-02 4.516807989986548755e-02 1.994554751171673246e-02 6.078305923985327652e-02 6.717894384937106445e-02 4.626363594678806201e-02 3.096736650101306054e-02 7.089758657438216538e-02 6.397654431234833794e-02 5.212413772707336079e-02 6.135148708826676511e-02 5.323787685400427350e-02 5.815293125215359460e-02 6.773068567082618507e-02 7.359306840346846457e-02 8.367601772336552557e-02 7.811729945944945186e-02 8.957384427469916588e-02 8.299228532060443086e-02 1.051554634309039837e-01 1.122177493973257612e-01 1.010848927973198030e-01 1.169453824760355864e-01 1.131962021843997412e-01 1.120881006972398453e-01 1.174446527552326369e-01 1.050827766626958315e-01 1.114565540015759471e-01 1.171376934431198613e-01
5.255761723585927747e-02 4.718922501204403375e-02 4.581139024598823717e-02 2.047037562295428437e-02 6.025560400126073191e-02 6.747273131342601538e-02 4.668447444330214857e-02 3.135537861888804123e-02 7.182480131636781451e-02 6.577612605257132650e-02 5.235455777138997568e-02 6.308051713552376150e-02 5.327468998752316054e-02 5.850241174206982642e-02 6.768009400572672085e-02 7.334003088097351686e-02 8.406156299669742538e-02 7.888739102807607040e-02 8.922206485018246980e-02 8.450548418853975896e-02 1.058237995673174670e-01 1.118390559220987512e-01 1.022698255620284602e-01 1.168122414216536953e-01 1.125119875858764384e-01 1.127220403102664470e-01 1.163947217565080017e-01 1.069120652499930824e-01 1.126189152529724069e-01 1.184870773424806512e-01
