7.505953050932667736e-02 7.064986768256042993e-02 6.853635264945800998e-02 8.513598174611480829e-02 6.876440360355084991e-02 6.295106246135606654e-02 6.230591889713421594e-02 7.789018044210749281e-02 5.297032139441970600e-02 4.968274577585019003e-02 5.549733972749315569e-02 4.494301089514385339e-02 4.689508931876362752e-02 6.774222940905927359e-02 4.508482239296363048e-02 3.245728584069551559e-02 3.780772595289505489e-02 4.252762154916212012e-02 3.080990824078755352e-02 5.716040394503485444e-02 3.416156614347931608e-02 1.525339877278231171e-02 5.999203599805724707e-02 3.281892920747431219e-02 1.864264750662014691e-02 5.333207278219820324e-02 4.464707639546183771e-02 6.010840791496585567e-02 4.447094020070974096e-02 5.221882787733367337e-02
7.454064556779727013e-02 7.063612934010299327e-02 6.867878288947881771e-02 8.488573103823382482e-02 6.878974470249543671e-02 6.307900201897931325e-02 6.209504144478605880e-02 7.811739708514453540e-02 5.279321362200528611e-02 4.974807375436185453e-02 5.611911161905736023e-02 4.483349925526836088e-02 4.714230499630778226e-02 6.827416209811687509e-02 4.482074596105301012e-02 3.238347456606804897e-02 3.728949152121163735e-02 4.246802180344566580e-02 3.115736724199802410e-02 5.680906322556644739e-02 3.358122789150597143e-02 1.507165825461065367e-02 5.907490075822696696e-02 3.272525485498833930e-02 1.843959575330744727e-02 5.338669963670739094e-02 4.429934874849683624e-02 5.942405119078530973e-02 4.404290961928269965e-02 5.212113531634043895e-02
7.531406890263658838e-02 7.061179101870607155e-02 6.855488120983821432e-02 8.529029704546475799e-02 6.891761828191222961e-02 6.365768563000839819e-02 6.196825001349459683e-02 7.856269909809343588e-02 5.279587565436427710e-02 4.993681930917626133e-02 5.648628254956244987e-02 4.470037942796434294e-02 4.738356946566479877e-02 6.740207366050432469e-02 4.495061725493965099e-02 3.264752044045504675e-02 3.774977208017649133e-02 4.298462905717759241e-02 3.099229716421358916e-02 5.670080015010503516e-02 3.436895092777536576e-02 1.551875153048509759e-02 5.918838087072764154e-02 3.401833629783190815e-02 1.886466774447015382e-02 5.283696387239134040e-02 4.466769448120411212e-02 5.984694671291768131e-02 4.481837870036597948e-02 5.250512438382015645e-02
7.463975768423303236e-02 7.090670903150186888e-02 6.783823429732471766e-02 8.415115860746569254e-02 6.885984242767539953e-02 6.323227681457943561e-02 6.136564763203589123e-02 7.791074147174681386e-02 5.296520374169944034e-02 4.955317080841936672e-02 5.593115543831839176e-02 4.464619826024440741e-02 4.675163143389715614e-02 6.758071755743610964e-02 4.473660563917869482e-02 3.239269330944649639e-02 3.717396420036367388e-02 4.244790207632442858e-02 3.055275533568568846e-02 5.686929805755003287e-02 3.332720493335195044e-02 1.502516566031086853e-02 5.958496229246801335e-02 3.267149776729016963e-02 1.827240866697454891e-02 5.342040386396540441e-02 4.441281263424290415e-02 5.996609713056644253e-02 4.419938129175271513e-02 5.158515454357459618e-02
7.451436790598942039e-02 7.002143374298963607e-02 6.774343881212629981e-02 8.380055527834873175e-02 6.852645852296390672e-02 6.307718878865875567e-02 6.172777912274796108e-02 7.738409397584611327e-02 5.280120472450233748e-02 4.954088715023585721e-02 5.524741266885424551e-02 4.447691028658828927e-02 4.619927824677150241e-02 6.734868531664428559e-02 4.475784912077829247e-02 3.238424323994415488e-02 3.764613285746643001e-02 4.223067137560709838e-02 3.058741204961190618e-02 5.737660404154398819e-02 3.406834704773364919e-02 1.518942206638707049e-02 5.961399282477231054e-02 3.291520348453014222e-02 1.850461439025696819e-02 5.244772945304587708e-02 4.492757529631985491e-02 6.005815215037157984e-02 4.443287530733686097e-02 5.194245989541457220e-02
7.485554826446261245e-02 6.959779205581595463e-02 6.886369012506632359e-02 8.441123848721021616e-02 6.922518983788750191e-02 6.286677243467764242e-02 6.155341089886023909e-02 7.782300696248301008e-02 5.324650025780686136e-02 4.933872469720324005e-02 5.605830307906689569e-02 4.445112348578916794e-02 4.704436103730991192e-02 6.689314258939527136e-02 4.465680213996492398e-02 3.223511356797414962e-02 3.743388465954078370e-02 4.231667273256212169e-02 3.054659944119020309e-02 5.655554448792399214e-02 3.382470244461499576e-02 1.486237192601258528e-02 5.932287864346674766e-02 3.240883440326314258e-02 1.826184095885707848e-02 5.286324087941896011e-02 4.409541021866392185e-02 6.013122719336472244e-02 4.410798415674710427e-02 5.191446220291817681e-02
7.429867679391977120e-02 7.014830030997298849e-02 6.742147574646439878e-02 8.313167834019719038e-02 6.857287688285396143e-02 6.220339951482589669e-02 6.193826825631720823e-02 7.714530747651382470e-02 5.213447754872513329e-02 4.897103620723530781e-02 5.563381104694409274e-02 4.396444388382736435e-02 4.712161955849314410e-02 6.720963645900290828e-02 4.471120577364517956e-02 3.223123634058522313e-02 3.736750910332009568e-02 4.250799044085962208e-02 3.049163407629640332e-02 5.675757947477322318e-02 3.399016637064944391e-02 1.505200509382165208e-02 5.902764594580212076e-02 3.243980848654892668e-02 1.836522707002608001e-02 5.257021345942947121e-02 4.403586297937334137e-02 6.034471858985002157e-02 4.410350350851865997e-02 5.228769273644218174e-02
7.502834458083018632e-02 7.068360224661063285e-02 6.789900345647081892e-02 8.535187813185673988e-02 6.936418965851487428e-02 6.292489828157732390e-02 6.222084635303914979e-02 7.830988383432657685e-02 5.238940408559233930e-02 4.949015267650080929e-02 5.558080789052155524e-02 4.492585729956877216e-02 4.681751093533925712e-02 6.803957933022575233e-02 4.475548750864888348e-02 3.246055536483716253e-02 3.806554198973666203e-02 4.270643733169032785e-02 3.090048114439314375e-02 5.719121308062247167e-02 3.392925359732457125e-02 1.534294729885266051e-02 5.909223335676294653e-02 3.260701527083176288e-02 1.878739437737753093e-02 5.340796476273901305e-02 4.451570419984163252e-02 5.963863542321057309e-02 4.452416919735080469e-02 5.232666414296316404e-02
7.533642711609322973e-02 7.032680213457132012e-02 6.829520910888886576e-02 8.418775167228975675e-02 6.950825535204252503e-02 6.309157069292137265e-02 6.111244541023364008e-02 7.748034762196676084e-02 5.289918380883973370e-02 4.976352548213425209e-02 5.550040828362856615e-02 4.447538466471367968e-02 4.651655874239768451e-02 6.708738056817820095e-02 4.419812945503487356e-02 3.192568554077368503e-02 3.693249139185494911e-02 4.230887201742472570e-02 3.052133536674306313e-02 5.670524706193669218e-02 3.345020302156864744e-02 1.526043457638071033e-02 5.905807887378422549e-02 3.292430695197046120e-02 1.874376252745557636e-02 5.285446756805267654e-02 4.443399626032773497e-02 5.987124229141782550e-02 4.411853087410744223e-02 5.157646380569724798e-02
7.483219209507696590e-02 7.073010395897316727e-02 6.863782599095813453e-02 8.487266637900381383e-02 6.891080583479025634e-02 6.315262783540154246e-02 6.245813071530692540e-02 7.820783384992013865e-02 5.301685780533382797e-02 5.017587355897212831e-02 5.541336565175658535e-02 4.498441921423967926e-02 4.706659520089484516e-02 6.761180455720516846e-02 4.503662353595583312e-02 3.253454354844720342e-02 3.761502693708518308e-02 4.250981936399034211e-02 3.026739658511834463e-02 5.692894126834957547e-02 3.366272165937100880e-02 1.510225326892999931e-02 5.935012402636763440e-02 3.238852959247306984e-02 1.849653006752660644e-02 5.274449248818946501e-02 4.435979486955554663e-02 6.002749370205107127e-02 4.386329168102465204e-02 5.163367214384573245e-02
7.547557483432498771e-02 7.070739293513250701e-02 6.836176722070463896e-02 8.449392450597770221e-02 6.902104452741975038e-02 6.351406938770587374e-02 6.188758547565109680e-02 7.757167335839243449e-02 5.269536365918225940e-02 4.991629976965850091e-02 5.617834982525771181e-02 4.458437473356102743e-02 4.674041644154636188e-02 6.715604992749213409e-02 4.457568316909155115e-02 3.226075752973089905e-02 3.743732025613466519e-02 4.192007599534797180e-02 3.064960056590093629e-02 5.581833632876609386e-02 3.347528772755481441e-02 1.493746128834816389e-02 5.825676075187802283e-02 3.254068833469903055e-02 1.827049183122397835e-02 5.267410857280108161e-02 4.408747401359525142e-02 5.951036583805491276e-02 4.367256518380857599e-02 5.140454230155144799e-02
7.468504618908688997e-02 7.198710843322775332e-02 6.851415386415737885e-02 8.483170474726220434e-02 6.859207231557240547e-02 6.493436279078990125e-02 6.233623727667669812e-02 7.805631055318107414e-02 5.269779071554703265e-02 5.016797175096243677e-02 5.561407763662140624e-02 4.516027245786791156e-02 4.678059417231050787e-02 6.771485721760628351e-02 4.443645064109436049e-02 3.226873317932188456e-02 3.766704858914771137e-02 4.295527827960921030e-02 3.063889345575665502e-02 5.661512012536373817e-02 3.406107276496772585e-02 1.543395702159289229e-02 5.936753382141235491e-02 3.362909607959618796e-02 1.890568419406291056e-02 5.310078475445267898e-02 4.424745076335057092e-02 5.969147998388857346e-02 4.455848772393400381e-02 5.220588278722404496e-02
7.457523849156544316e-02 7.011935470843910778e-02 6.837220227805573813e-02 8.445487636028214951e-02 6.831451940247879051e-02 6.276246142546115792e-02 6.230321466673771624e-02 7.790282131499681739e-02 5.265635671041302146e-02 4.988334110072711880e-02 5.528258742604741371e-02 4.442087969541841375e-02 4.683609370082209011e-02 6.737269297714920668e-02 4.475784697033979853e-02 3.234780881369792027e-02 3.767523473181899618e-02 4.246868100498790710e-02 3.036033262486625972e-02 5.662428293608323671e-02 3.368140570435773640e-02 1.487438415479935827e-02 5.909301233413977172e-02 3.257176081589685523e-02 1.832424259317422255e-02 5.306376084220110201e-02 4.461793409790626441e-02 5.988505141483724259e-02 4.407432421449408722e-02 5.212384865105113008e-02
7.480875492227667678e-02 7.077122738133034829e-02 6.795128441951714393e-02 8.454158521399746107e-02 6.869385783152548441e-02 6.298446423000703120e-02 6.203204478554447121e-02 7.757026118751664256e-02 5.265352683006341294e-02 4.982595754215601858e-02 5.507092045581263307e-02 4.433155465183791222e-02 4.662364663165385892e-02 6.763557953162058212e-02 4.476819440196999622e-02 3.218276432928757202e-02 3.720072127125018113e-02 4.180112270710489852e-02 3.047571748330302199e-02 5.668068066559417417e-02 3.343787832331113208e-02 1.514300754070951882e-02 5.950753928843655061e-02 3.276413518443233031e-02 1.841179057012487519e-02 5.253648116703679705e-02 4.380314661442019641e-02 5.983349394420489631e-02 4.472087651097611527e-02 5.165571479361252827e-02
7.468700571897812779e-02 7.071367467517708505e-02 6.814087700275139881e-02 8.411343630225642798e-02 6.916622471895506052e-02 6.296086672856660016e-02 6.173111953277565789e-02 7.777496986766685438e-02 5.278477313228613355e-02 4.952224231873492144e-02 5.594934194458556220e-02 4.455008624858880495e-02 4.680572650222236675e-02 6.700654187260202121e-02 4.433463728414599458e-02 3.207813922636804094e-02 3.721376983526836213e-02 4.247461008881892042e-02 3.054093427468451694e-02 5.664791051285744672e-02 3.360316915173333641e-02 1.531955101706206079e-02 5.915722938292544697e-02 3.290534754009621921e-02 1.870750169765944548e-02 5.298833914359812880e-02 4.445633646451430110e-02 5.961400867860522368e-02 4.435355401939578002e-02 5.171414840696009207e-02
7.501477894070962549e-02 7.084305615333930106e-02 6.852209785172469481e-02 8.470392044051378022e-02 6.895157245709482297e-02 6.294002363167416902e-02 6.198964445586563343e-02 7.804579272987366423e-02 5.284501478613323755e-02 4.941653776632826123e-02 5.634407235613814180e-02 4.475752323010873113e-02 4.716073618272265122e-02 6.740038842677531505e-02 4.467536343922473563e-02 3.246044132152947626e-02 3.722715713236501855e-02 4.293669537278788084e-02 3.078893253647141393e-02 5.677820032681069051e-02 3.362273268737991927e-02 1.515573003795855911e-02 5.863621315199063488e-02 3.267589220446653897e-02 1.862652901020789287e-02 5.310699250480821476e-02 4.431157856630330016e-02 5.933092488399482889e-02 4.467900557607196177e-02 5.177333462227862171e-02
7.406400080219999182e-02 7.063048141407834990e-02 6.779474537198826312e-02 8.303798950638308085e-02 6.756961802068861545e-02 6.302136314647155402e-02 6.202572105315296014e-02 7.843841768295778394e-02 5.253845191993056218e-02 5.023361078446253458e-02 5.549267361271281729e-02 4.434775917445321625e-02 4.702129914713060188e-02 6.772953583052343518e-02 4.484037064207679890e-02 3.224597652495431177e-02 3.758910466003229089e-02 4.222792036526401560e-02 3.049726164969301934e-02 5.675097668914608207e-02 3.373789312458352896e-02 1.517647767460017505e-02 5.897870749040245997e-02 3.275962721109770825e-02 1.846809453930031708e-02 5.271581789709145482e-02 4.431832855741202337e-02 6.000008960284031190e-02 4.411259034333347984e-02 5.180343860765379560e-02
7.437601640528868074e-02 7.076925724338822832e-02 6.827823655369069655e-02 8.384599117600410878e-02 6.867247348970018095e-02 6.363356616890536444e-02 6.226134064045041328e-02 7.757377208865046114e-02 5.275708816828306169e-02 5.006804563097277949e-02 5.573185586744600073e-02 4.490842944526463043e-02 4.700252699967366610e-02 6.799380346791616958e-02 4.489256875638636402e-02 3.241449583216304831e-02 3.763909783279517640e-02 4.264279474678112081e-02 3.036713323805351195e-02 5.732948856461206333e-02 3.397013814546046007e-02 1.516536320806638471e-02 5.943822236766838074e-02 3.292363327031333498e-02 1.857810634669920802e-02 5.284470217195513797e-02 4.413872844105259929e-02 6.023737059751610445e-02 4.470953663284893409e-02 5.256848481345066659e-02
7.556678699064800497e-02 7.079999328579855700e-02 6.831533560609948097e-02 8.428957476857679154e-02 6.928638127958697268e-02 6.331735069377408820e-02 6.221529346423082529e-02 7.845679217796508453e-02 5.251248333419233916e-02 5.030828797148956255e-02 5.581210370388633990e-02 4.469717281780205553e-02 4.697676097459435596e-02 6.845596944979304155e-02 4.449378908577950043e-02 3.244135093510225332e-02 3.717496190409574908e-02 4.246589078138374163e-02 3.056736417237804204e-02 5.700424082842436846e-02 3.350133224676365984e-02 1.535557391815167705e-02 5.942705555694649533e-02 3.252184460757723272e-02 1.872559871581769286e-02 5.275665472671509093e-02 4.403081403566178054e-02 5.981216586901361154e-02 4.473895784356418659e-02 5.200941950274273751e-02
7.515421062682792197e-02 7.053723141775325445e-02 6.830343887002321424e-02 8.424178766526635442e-02 6.914024055847534100e-02 6.303135941672177722e-02 6.154320736851781604e-02 7.765055736499304473e-02 5.250647477635261851e-02 4.967333745668334188e-02 5.578977603429402521e-02 4.417520978116673547e-02 4.657706996163124558e-02 6.765008664725913334e-02 4.478051089263379581e-02 3.224675193740589307e-02 3.755046316462928857e-02 4.260178439092365821e-02 3.102864883564171450e-02 5.653935218542560648e-02 3.358962268985399291e-02 1.510374879854881058e-02 5.902088171365704738e-02 3.243990930899132152e-02 1.845197770302764440e-02 5.290376875099056520e-02 4.438514402399063030e-02 5.935399444259958912e-02 4.427162463781497692e-02 5.154632244092249849e-02
7.492195144104396576e-02 7.037522095709825010e-02 6.819570087222714960e-02 8.433836657098447986e-02 6.876703231622594004e-02 6.252828806374566284e-02 6.204289126023798673e-02 7.783221335064105517e-02 5.246832146476210212e-02 4.945779615431211695e-02 5.579924461535101798e-02 4.462294129931043685e-02 4.743900084905128267e-02 6.786874766178696561e-02 4.495782023168404251e-02 3.239741970425491502e-02 3.774236223838167703e-02 4.241458870165359940e-02 3.083847286866525650e-02 5.714777906908263816e-02 3.353658712264717678e-02 1.511505961721715252e-02 5.908405984937203925e-02 3.291279438822192205e-02 1.845238964094075840e-02 5.328054113717684004e-02 4.437128368672249579e-02 5.951733227118660707e-02 4.429811817485251879e-02 5.202890465366527550e-02
7.512814224345421010e-02 7.077988995287132212e-02 6.810465263807685687e-02 8.437111810978503712e-02 6.933448738909175901e-02 6.321974942847186085e-02 6.155302849549526556e-02 7.746660417097306350e-02 5.282925594974408057e-02 4.966018473152589152e-02 5.553570899625226431e-02 4.472321518977295796e-02 4.627985799563338887e-02 6.706506852703775223e-02 4.463987892009146918e-02 3.228781211445497235e-02 3.730909966465256744e-02 4.217719218969051553e-02 3.046330110539807734e-02 5.585695873274865164e-02 3.350310122505462118e-02 1.518361922823219246e-02 5.909130254165306795e-02 3.284843031424822257e-02 1.852609803577021097e-02 5.341721137236676853e-02 4.403999460152085987e-02 5.911497361678641482e-02 4.415321101508595802e-02 5.191598489471394018e-02
7.470653079550659825e-02 7.060123872798662603e-02 6.831915678524103086e-02 8.307058530317679157e-02 6.879448832817525172e-02 6.351627873851706241e-02 6.161051701341291320e-02 7.768057978701037314e-02 5.303569336450841831e-02 4.987984850679083593e-02 5.570934613802736024e-02 4.462769832897306443e-02 4.678312194502698418e-02 6.745054723268006924e-02 4.490040640997072785e-02 3.232180811566243150e-02 3.727398235359746792e-02 4.233638050800303532e-02 3.056385567547215132e-02 5.631707783210604390e-02 3.374454879398225415e-02 1.531940249578855884e-02 5.910914790636390137e-02 3.281748623188462943e-02 1.861233105164572521e-02 5.325848929673338006e-02 4.415799972938128093e-02 5.970646535362389429e-02 4.398434007308837934e-02 5.191168863303241565e-02
7.500395826278305478e-02 7.062499291394797041e-02 6.829315681219982892e-02 8.493183817036076277e-02 6.922062643418369632e-02 6.302761917259980251e-02 6.183844673266092329e-02 7.819724592917376427e-02 5.275366196728947799e-02 4.962957225396902317e-02 5.625925176578938647e-02 4.450143370758619099e-02 4.740650410751090504e-02 6.807372592678540002e-02 4.506916582320474873e-02 3.272205783307402527e-02 3.800819124458243436e-02 4.303556928108376312e-02 3.078728148628373518e-02 5.666830153088575628e-02 3.436799622891539840e-02 1.527088628248574054e-02 5.923001490320656259e-02 3.269439755318437335e-02 1.860803550908007864e-02 5.302011325521593932e-02 4.413437095663796939e-02 6.031785599100603079e-02 4.479697417994721320e-02 5.239557034374664468e-02
7.458906416932098438e-02 7.084125555816633835e-02 6.833057138218689985e-02 8.408299728254808869e-02 6.854734931790895658e-02 6.348114525638326455e-02 6.257018846215567365e-02 7.747802519376545405e-02 5.285561735368426994e-02 5.007939161747509971e-02 5.542549294923038161e-02 4.480209604616458563e-02 4.674056177443919324e-02 6.743313783081772428e-02 4.523346858929544467e-02 3.289506694726407332e-02 3.773441200775318194e-02 4.199586235083163643e-02 3.064752705793694076e-02 5.661669769054045176e-02 3.405530667214362595e-02 1.518883896419120916e-02 5.919345136026832321e-02 3.271313280706511506e-02 1.856475569764004518e-02 5.307064548019946315e-02 4.408013828979084892e-02 5.949519814572568066e-02 4.450015097201864833e-02 5.219251123769330647e-02
7.453186210957829516e-02 7.045252942067437019e-02 6.773637948420230259e-02 8.477681179697471592e-02 6.844436363695471925e-02 6.294328740993870852e-02 6.190370997224992067e-02 7.800512515746182984e-02 5.270005441694891601e-02 4.925321448863329010e-02 5.570762315500488171e-02 4.423778562406388559e-02 4.684913230500553638e-02 6.803111137453088375e-02 4.477034474698493582e-02 3.257671332630751593e-02 3.778548418118798935e-02 4.251480912110272570e-02 3.062631018831440954e-02 5.682447808300805647e-02 3.350905258398961806e-02 1.535314797837772360e-02 5.948483100161805481e-02 3.238951196680162070e-02 1.866777533703478653e-02 5.306343005412461622e-02 4.401643900264895493e-02 5.969647318875503927e-02 4.453616556700135121e-02 5.181029077254928339e-02
7.544096521085874585e-02 7.088718261063808868e-02 6.851372104747843750e-02 8.421667980059144298e-02 6.890386507176682329e-02 6.287125941393023609e-02 6.173152476280430179e-02 7.805208539664443279e-02 5.248969619908505635e-02 4.977059045527010284e-02 5.584286412606864758e-02 4.484608620472929630e-02 4.696206549599368785e-02 6.751821198701435378e-02 4.424833062777544512e-02 3.214010427655944468e-02 3.762201575496249006e-02 4.216036335255290979e-02 3.030306036957686189e-02 5.655275258931347082e-02 3.373924060574973183e-02 1.513287085862868864e-02 5.918421574666021812e-02 3.277498632302489057e-02 1.852398187704196175e-02 5.262713497968096732e-02 4.413274059860095022e-02 5.957947583999922969e-02 4.461561880987119366e-02 5.194802142998655725e-02
7.498570480271382621e-02 7.075386898519830936e-02 6.824985021229945659e-02 8.437817685224446862e-02 6.898620492499141221e-02 6.271680488171194057e-02 6.209169680830051163e-02 7.796177968143513937e-02 5.272513583018589856e-02 4.974217137335967820e-02 5.563660339356557571e-02 4.457770127703630791e-02 4.718725132014656154e-02 6.776245366821287419e-02 4.513517398343891429e-02 3.294105958691240232e-02 3.791817119989326912e-02 4.238274223757487746e-02 3.097692761995807231e-02 5.667552550234766784e-02 3.394822127947927370e-02 1.531897151025995996e-02 5.935420776195732273e-02 3.266229414302124212e-02 1.860354074549297465e-02 5.353182381029153447e-02 4.410374320225907141e-02 6.008942849974596712e-02 4.422216795935485223e-02 5.202961820541007754e-02
7.565581141042132529e-02 7.136744731209754278e-02 6.870936158964813245e-02 8.388343995039049261e-02 6.881350863199831025e-02 6.371883242717535367e-02 6.263470688227457117e-02 7.735236733457684366e-02 5.283915595542110211e-02 5.032291879837957893e-02 5.552641540642699880e-02 4.515746425312494594e-02 4.736909863913085772e-02 6.749607328737017298e-02 4.482051058744751515e-02 3.258889452513580309e-02 3.768971531634957017e-02 4.252637644337964318e-02 3.067633666633584610e-02 5.715417011021406424e-02 3.380136532289235163e-02 1.542946146476964486e-02 5.928949608385014614e-02 3.301312422155078252e-02 1.860377684803271592e-02 5.278074681315425565e-02 4.395328897207839702e-02 5.985999848653422717e-02 4.378242694914336042e-02 5.187715083551314166e-02
7.499705839620585124e-02 7.089409639089261361e-02 6.884764288021694156e-02 8.428327613091601833e-02 6.900330803751142383e-02 6.178432981735904050e-02 6.112060789445816766e-02 7.799050931768114481e-02 5.280204827353651709e-02 4.927171269807573140e-02 5.630740535179246109e-02 4.442074822345798424e-02 4.683453002467308224e-02 6.700703949072428500e-02 4.516348187349938925e-02 3.280073839404629155e-02 3.698941582483028512e-02 4.200285404671610934e-02 3.037611079537283487e-02 5.695088533797010300e-02 3.374817442078814622e-02 1.504774175073064768e-02 5.838128151417620870e-02 3.286855182391024144e-02 1.833597755520699479e-02 5.282669504152481821e-02 4.417101026994485480e-02 5.889247731275171205e-02 4.369356398956947274e-02 5.202093766899151817e-02
7.467979420999615314e-02 7.049244866061865622e-02 6.813742343260287271e-02 8.449720495943591203e-02 6.836785068555739642e-02 6.277797501840343131e-02 6.103463651640828047e-02 7.790491252016273904e-02 5.266577905749780797e-02 4.956154499421749904e-02 5.535698389480403492e-02 4.446976645407163531e-02 4.642459396358500356e-02 6.706438696764527307e-02 4.446200795233057335e-02 3.218657011959935588e-02 3.728567207093824720e-02 4.193164668581550458e-02 3.040390466464915065e-02 5.649147249356678557e-02 3.344617534995775188e-02 1.511904490861137873e-02 5.943101573545828131e-02 3.267729791419293761e-02 1.846387491071110887e-02 5.280134436711314549e-02 4.407271116566846558e-02 5.972775954098841211e-02 4.398286535709594602e-02 5.178879495761767870e-02
7.544718437286501711e-02 7.105413656938841527e-02 6.873547799965784577e-02 8.398964512006701355e-02 6.953491697076064071e-02 6.331313332842070096e-02 6.189384092878436050e-02 7.753111103982002206e-02 5.286814298012210145e-02 5.028070195855294244e-02 5.567823772581181885e-02 4.480055093578849679e-02 4.649449811205830230e-02 6.737990891989653619e-02 4.466091113542347557e-02 3.224677792717445257e-02 3.742932734478898738e-02 4.215342327975069026e-02 3.053795012877813519e-02 5.669719096792036339e-02 3.344496595516410764e-02 1.529262036937417690e-02 5.935268038771646104e-02 3.315037498510031710e-02 1.857586570953939642e-02 5.292656588698907427e-02 4.405926518199398956e-02 5.952582833888309111e-02 4.390472439864190335e-02 5.186648428315354664e-02
7.477058683138970707e-02 7.063598390363878821e-02 6.844153903123117999e-02 8.399004313308866543e-02 6.880770222834220462e-02 6.311461310789079349e-02 6.137420307449747980e-02 7.713545819124245639e-02 5.316707702836964700e-02 5.020425436158104660e-02 5.567206325074502971e-02 4.445468060161861246e-02 4.641092821473735697e-02 6.719145682244009876e-02 4.465424643875204325e-02 3.228197667033372298e-02 3.733435455790834467e-02 4.220088626419649103e-02 3.075534675022684183e-02 5.670053790697249241e-02 3.394102713378277514e-02 1.501986636155860921e-02 5.896489443828745181e-02 3.230210204894046200e-02 1.837058998605112237e-02 5.292770068424390573e-02 4.419733862863051144e-02 5.962971950463957782e-02 4.380710559357092748e-02 5.209333277738537049e-02
7.515399009112311290e-02 7.106514608780534203e-02 6.841811394346919428e-02 8.470578885900081900e-02 6.854501289981662637e-02 6.359159552239646018e-02 6.180925937210224319e-02 7.793384945078063453e-02 5.299555455182725083e-02 5.002901209889865086e-02 5.567857012397636751e-02 4.485482696101295019e-02 4.728215998450835400e-02 6.760161271250675341e-02 4.489542439806148977e-02 3.261134805574927853e-02 3.752814280521565848e-02 4.246646979727142224e-02 3.105159574649318799e-02 5.689296905665930382e-02 3.387307808619244298e-02 1.532765419937165419e-02 5.930451471398345831e-02 3.306154436987807088e-02 1.861958615352765634e-02 5.312631065515249773e-02 4.471217898230417376e-02 5.994565289203590552e-02 4.422077804075374985e-02 5.215721035684595108e-02
7.492508654746021790e-02 6.984247908030427610e-02 6.800935760530935070e-02 8.442022324410780598e-02 6.938172142236576079e-02 6.311416692760341007e-02 6.126008879435662635e-02 7.732256199092191196e-02 5.330278271850685812e-02 4.988488620496367432e-02 5.599697340059606177e-02 4.453604167742808428e-02 4.692783013512258350e-02 6.795205821791050482e-02 4.506847768827304535e-02 3.273307743119158175e-02 3.736656745728117457e-02 4.245791323592085220e-02 3.068482519287751842e-02 5.698650847190789293e-02 3.345306282687499078e-02 1.525610577549185720e-02 5.938703469422668135e-02 3.285263714555730630e-02 1.865375905083466179e-02 5.307340115048608808e-02 4.408215832947792734e-02 5.992120269992273762e-02 4.413678754557093242e-02 5.186673977160971560e-02
7.527024547850968972e-02 7.055152901606032145e-02 6.823345424665205883e-02 8.378913937242815635e-02 6.891329035831317285e-02 6.334996057457020768e-02 6.208668916153259332e-02 7.793538204864436381e-02 5.305863828973622631e-02 4.986683857686546872e-02 5.578302499301068806e-02 4.399989155661199192e-02 4.684071752029295155e-02 6.764064153271709401e-02 4.472414803929991578e-02 3.230477730760439314e-02 3.738453995446633371e-02 4.233265457557822131e-02 3.078941002512047831e-02 5.680934988063146562e-02 3.400372262015194380e-02 1.520594900717497922e-02 5.929570056326838312e-02 3.349156481809467678e-02 1.870804283497662368e-02 5.330208115189449813e-02 4.411030440802088393e-02 6.023273190583600112e-02 4.466705492115918830e-02 5.196158375728820999e-02
7.496485642246408787e-02 7.052180292806342621e-02 6.834768129453205887e-02 8.438047652761948569e-02 6.858557808850873627e-02 6.239611573243530884e-02 6.153598256622272444e-02 7.748364444488897718e-02 5.190599287324371147e-02 4.919679992271630553e-02 5.564897904116561378e-02 4.471232788132395441e-02 4.615414294072373025e-02 6.706869902595036237e-02 4.418022327778947655e-02 3.187935258599816635e-02 3.716944316744763555e-02 4.241065110835862129e-02 3.070887429091850862e-02 5.612662659534972676e-02 3.319376509684479615e-02 1.488031597678762807e-02 5.862616052615754469e-02 3.230194880520498302e-02 1.818912701771191465e-02 5.293784614165719660e-02 4.403700807107124859e-02 5.942933225449875678e-02 4.436907077775220642e-02 5.127427879958412760e-02
7.535381388423978422e-02 7.093456596986591478e-02 6.895093811148012009e-02 8.410981091736058346e-02 6.873909181694815018e-02 6.434488896525225599e-02 6.302550981965060473e-02 7.775038933465738822e-02 5.318654887470319892e-02 5.022930424527061177e-02 5.557326527301365005e-02 4.511040321856452096e-02 4.677600886292587745e-02 6.756052191656714001e-02 4.520515027905558370e-02 3.263413789850178048e-02 3.732834672046392299e-02 4.235696128329013987e-02 3.024976461155359786e-02 5.666285082567457110e-02 3.342864013753743535e-02 1.504714649351068800e-02 5.899381074231779820e-02 3.323628377337461970e-02 1.833202659958699243e-02 5.255982901136180274e-02 4.396611286330420754e-02 5.948284974053663632e-02 4.434648653524986273e-02 5.183131306195232213e-02
7.490826945556561256e-02 7.061767245448846708e-02 6.817836749057670787e-02 8.489028035167756059e-02 6.869699881669610875e-02 6.246372575002645533e-02 6.168676753508917088e-02 7.790562113182186721e-02 5.220744618636929957e-02 4.974524064296126369e-02 5.606857595069802969e-02 4.469530010963485012e-02 4.678650059814781770e-02 6.705352896317728906e-02 4.455918118080104406e-02 3.264635400569559920e-02 3.767808039420872390e-02 4.278543320918437587e-02 3.053176340532504085e-02 5.649878000171915104e-02 3.408009049719407102e-02 1.498967756002889118e-02 5.898186121977344598e-02 3.320974069264970296e-02 1.834599703879868926e-02 5.330103422273513303e-02 4.436433809602746692e-02 5.942512340459771281e-02 4.444397215375461840e-02 5.222432038289115397e-02
7.467084596814999031e-02 7.029722264670246190e-02 6.805327079643319621e-02 8.462857753391705984e-02 6.895056144531253040e-02 6.292061066957321813e-02 6.198381111916129171e-02 7.827236928809844230e-02 5.252482418083825877e-02 4.956688644902351726e-02 5.497379160250526198e-02 4.458266640033059502e-02 4.683666359316296379e-02 6.771870680319214131e-02 4.456590866126575179e-02 3.219006766230858574e-02 3.751098747102243891e-02 4.210791417800319181e-02 3.047550449823832608e-02 5.695264020349943834e-02 3.358766642764443588e-02 1.496189178839602008e-02 5.886888438063797580e-02 3.233975097693608802e-02 1.832824331782445526e-02 5.258121123926118301e-02 4.368268634329064426e-02 5.929522722832958337e-02 4.396471607734575571e-02 5.189710196665853204e-02
7.567784758284945568e-02 7.073365827264987971e-02 6.841175145838418459e-02 8.478012274661450576e-02 6.838917338406780289e-02 6.391347209135078700e-02 6.176986259610872665e-02 7.787072188587229604e-02 5.260991284508342858e-02 5.007911023996181044e-02 5.609592383864470122e-02 4.451755968684656395e-02 4.750717260825965127e-02 6.784038352736976307e-02 4.442364714455893093e-02 3.222762106738308319e-02 3.719665727785326226e-02 4.238594097439651875e-02 3.024894782086873235e-02 5.689758637969655197e-02 3.383648673461436829e-02 1.507365917400038668e-02 5.961545750184527037e-02 3.264941481774696896e-02 1.827948146902125259e-02 5.269873020373117001e-02 4.411507334250375223e-02 6.037907510432916069e-02 4.406842154097478925e-02 5.171209692127209934e-02
7.542084855181752090e-02 7.031638671584650169e-02 6.810123492789488253e-02 8.383287400093530906e-02 6.891822319336116109e-02 6.268620199437346940e-02 6.188447151406251123e-02 7.689893006434722622e-02 5.241309031449237210e-02 4.945048859301248712e-02 5.551206351290360885e-02 4.443190157998433421e-02 4.594254003278663845e-02 6.658560432564186726e-02 4.478442981117902733e-02 3.234138878515402382e-02 3.673704961848267558e-02 4.152298223514394593e-02 3.032087344460121514e-02 5.639980857645143786e-02 3.325958408706064517e-02 1.481337084908496138e-02 5.896097751205742199e-02 3.224291925259059610e-02 1.820319655037883066e-02 5.187984422290936593e-02 4.457166381860577786e-02 5.972234367201645355e-02 4.392847792739118518e-02 5.128442195427140859e-02
7.517350203549888477e-02 7.084348008385710216e-02 6.826056474992769907e-02 8.471994714995778608e-02 6.938847881482157476e-02 6.295342169151396661e-02 6.247488304371096035e-02 7.792492136126671909e-02 5.260962334655738815e-02 4.987471866233494922e-02 5.552985352371031524e-02 4.456334280614049348e-02 4.693491545505690254e-02 6.709341154102732574e-02 4.447100279614124574e-02 3.224774171388089528e-02 3.724083431851044068e-02 4.220865084862879257e-02 3.011766880516697498e-02 5.640592271249955658e-02 3.381642262192441351e-02 1.481768253697834936e-02 5.857385571345918862e-02 3.252775512231398380e-02 1.813485671272108135e-02 5.238566912954256694e-02 4.400898362497418503e-02 5.941227679339622370e-02 4.444105160679079347e-02 5.176235641742366056e-02
7.463256461534939490e-02 7.008338311492856576e-02 6.720297696980681579e-02 8.405001061115235927e-02 6.840331391006992945e-02 6.319121184209697262e-02 6.147683013338944846e-02 7.719661784382436664e-02 5.236519577851517226e-02 4.952218706692823602e-02 5.474129936697336163e-02 4.436527652969646240e-02 4.638989817933181214e-02 6.713816632452740407e-02 4.416445823705483775e-02 3.184528643585382568e-02 3.708795805394515810e-02 4.209564060894166460e-02 2.992607401789593169e-02 5.651116988468984914e-02 3.339205016639379409e-02 1.482030535400902238e-02 5.864425001585260588e-02 3.231242255626876059e-02 1.823535844431534159e-02 5.254403287108777576e-02 4.395546797891336510e-02 5.918397084952831122e-02 4.414998625718435932e-02 5.177510421619047065e-02
7.569099030393422467e-02 7.075069405106360065e-02 6.856123982942330386e-02 8.439547371894562389e-02 6.933725137405577499e-02 6.306969513490656709e-02 6.195909382436282087e-02 7.823901180776848818e-02 5.275798742176718292e-02 4.983140910187344730e-02 5.612747735675860383e-02 4.476646401614559068e-02 4.735988493568354940e-02 6.762216389552566653e-02 4.510452313733948060e-02 3.285587135057044250e-02 3.748726835420912451e-02 4.228865479093402158e-02 3.065903532140623611e-02 5.673258455312835125e-02 3.399098240105846713e-02 1.531945257782840741e-02 5.952704236342087896e-02 3.294533034853186493e-02 1.872452747844244314e-02 5.344347545270311528e-02 4.441579149700958240e-02 6.015178506592855356e-02 4.459374523660963874e-02 5.200416067742752446e-02
7.436536950627115061e-02 7.026650814182744398e-02 6.835194719520920614e-02 8.452318982541573433e-02 6.806739541716222419e-02 6.302786431722662286e-02 6.161738582039344436e-02 7.865037499035043567e-02 5.252131807475368674e-02 4.958938306538529517e-02 5.645854154293106220e-02 4.471725139474092003e-02 4.743589575615381193e-02 6.776747861558973796e-02 4.492826843961461591e-02 3.256560732530155988e-02 3.762521666126295017e-02 4.302936965612635944e-02 3.093252920069033962e-02 5.652498022504737207e-02 3.385425552560450413e-02 1.520228216702035340e-02 5.936913947136757130e-02 3.263349613154398199e-02 1.855669856349173585e-02 5.303713023904643720e-02 4.404037291064089032e-02 5.965394446760807767e-02 4.456209386969867126e-02 5.218480869980313130e-02
7.531606641699895022e-02 7.110672704649534381e-02 6.835960745950542261e-02 8.368671010981643121e-02 6.906424245236264525e-02 6.272465390317361056e-02 6.224713282749183563e-02 7.717859055163245330e-02 5.272151125301816066e-02 4.964288557240470467e-02 5.534716589051491553e-02 4.458220262167333914e-02 4.601938054277665557e-02 6.704998345911361568e-02 4.462270782541022385e-02 3.236166758894887252e-02 3.725760294026114749e-02 4.190570143532701408e-02 3.026347551729635654e-02 5.641359708685111940e-02 3.383945610949457006e-02 1.516594671989723864e-02 5.911552081001003600e-02 3.278148003227299156e-02 1.848481314883576587e-02 5.279650932479551528e-02 4.439039523428522926e-02 5.964137622582210696e-02 4.391958524259331753e-02 5.185230540145147060e-02
7.437179650780745277e-02 7.025399655189756842e-02 6.802399178025808624e-02 8.390531962171232649e-02 6.871071640676440495e-02 6.304156044716036078e-02 6.221471985252069459e-02 7.773020700956045914e-02 5.259369297688998302e-02 4.951171993015268669e-02 5.580263978336930109e-02 4.437722752528605596e-02 4.665471591752545777e-02 6.709136997687492610e-02 4.498000788070966038e-02 3.246562624464166547e-02 3.728070911979797231e-02 4.264482157415638852e-02 3.094308725899841406e-02 5.660467670628621661e-02 3.399107306496151892e-02 1.534962867190259317e-02 5.908777952276356160e-02 3.331388651861733052e-02 1.843624593134540746e-02 5.320853632570488045e-02 4.457695427242258646e-02 5.951378447358335322e-02 4.410382590328998376e-02 5.207895741728707506e-02
7.520306482693328576e-02 7.095412893440045110e-02 6.799033201034143659e-02 8.410379594818451210e-02 7.006155837842475975e-02 6.334802992394505949e-02 6.215712291844122106e-02 7.770575413586389146e-02 5.215872546502797746e-02 4.987198915029811275e-02 5.551810506256327216e-02 4.454430853398916312e-02 4.679980651515025514e-02 6.794755533040008899e-02 4.508205340559712226e-02 3.242018444265415411e-02 3.732881673036603232e-02 4.241744999459795551e-02 3.074948618844031145e-02 5.685771110521997684e-02 3.351310666917051151e-02 1.530732247135535573e-02 5.921048647168358769e-02 3.330744603021873473e-02 1.870807702347931922e-02 5.308302069726433814e-02 4.473036850341793880e-02 6.036220642531064939e-02 4.448585485119460614e-02 5.129047021677690665e-02
7.448987201628209931e-02 7.071187611463214395e-02 6.776650706968956328e-02 8.411593049409971101e-02 6.877178973288478048e-02 6.335411209717678460e-02 6.208382767624875953e-02 7.754242436848102216e-02 5.238161445692934848e-02 4.967413342235360574e-02 5.530007869594655290e-02 4.418818548716219041e-02 4.693916258993358070e-02 6.716365404561974728e-02 4.450265840539158191e-02 3.232301233986190070e-02 3.751754644498683788e-02 4.220573666956894954e-02 3.062553395161105030e-02 5.696326828095354955e-02 3.373344306387959790e-02 1.551522003184846454e-02 5.876215178269283967e-02 3.266584472484179713e-02 1.896734750994921725e-02 5.287271964053985585e-02 4.409819950051829807e-02 5.926044406040764656e-02 4.441809768437199324e-02 5.172503844289622066e-02
7.498279947527786149e-02 7.035876817015074280e-02 6.829495193361800887e-02 8.424248761975627886e-02 6.890680776190460932e-02 6.285645458211686076e-02 6.224560649223231934e-02 7.858109968370774467e-02 5.216634371377848467e-02 4.924099093316414155e-02 5.592131749915063565e-02 4.439561208558684413e-02 4.678945153057911810e-02 6.753819132266558611e-02 4.527801180238943957e-02 3.265085475981477359e-02 3.710057920307674451e-02 4.191596784634521455e-02 2.996705267509236492e-02 5.753619965776035627e-02 3.344549656966666618e-02 1.491957187384684858e-02 5.912892216271625756e-02 3.229171464664704061e-02 1.827926836029281077e-02 5.300270917990790309e-02 4.445077092071647584e-02 5.962009109329047263e-02 4.423297213738841549e-02 5.159812343862979489e-02
7.471529179900304740e-02 7.088852923676380868e-02 6.839835962297557970e-02 8.427265439746634001e-02 6.854630008684203801e-02 6.255147424960361136e-02 6.207176549108250896e-02 7.864324531050304046e-02 5.255364561645681221e-02 4.947373306233382451e-02 5.525355855563907070e-02 4.441798015419395895e-02 4.752395022928990187e-02 6.762012273645989779e-02 4.427793529142931561e-02 3.206725141133803803e-02 3.760379101170530092e-02 4.233796468893302745e-02 3.080685500950242073e-02 5.657980635744719322e-02 3.391222544160088503e-02 1.530882639574526749e-02 5.864525293058342470e-02 3.384669038904908334e-02 1.870638888321485283e-02 5.326696345143488998e-02 4.476559073686026125e-02 5.889075821101741326e-02 4.385208131243478746e-02 5.195868154734561983e-02
7.487556479972878876e-02 7.097736332409665394e-02 6.802406747476519300e-02 8.437083818308588334e-02 6.893963090771437763e-02 6.355066827438005106e-02 6.173508600830857063e-02 7.805943198310538733e-02 5.262842059901551295e-02 5.004454226874655021e-02 5.587532818498708309e-02 4.459109606401234771e-02 4.722776961331032197e-02 6.709915281147837973e-02 4.512752955135690414e-02 3.262386705490127881e-02 3.775222286014878748e-02 4.242622355085901020e-02 3.079105219818734085e-02 5.656901811848635830e-02 3.412034548110254306e-02 1.505225559720635431e-02 5.913410824216347450e-02 3.275325379973992312e-02 1.828728980582949859e-02 5.315687734029150846e-02 4.444130410654656416e-02 6.012220088943109886e-02 4.438099209576051862e-02 5.228585414749087334e-02
7.425076128309449075e-02 7.066999843003207715e-02 6.821923189892498129e-02 8.460984288569584066e-02 6.810552114703538606e-02 6.347249095337437197e-02 6.226093960021694684e-02 7.818020967630312512e-02 5.246957942235619399e-02 4.985735677616309758e-02 5.601677236204372079e-02 4.441150367824464595e-02 4.734547880958794863e-02 6.770991161953876514e-02 4.450836924383549942e-02 3.216587013114802218e-02 3.714505737329698576e-02 4.223507233957635165e-02 3.079125355309741963e-02 5.685639048774104864e-02 3.367784008336505153e-02 1.512698303374460096e-02 5.887920166833104929e-02 3.301581817282128739e-02 1.853447210384739918e-02 5.341969948612090846e-02 4.448958027720983921e-02 5.950067955530391473e-02 4.385303224067937933e-02 5.154486822413151259e-02
7.498191272864396240e-02 7.106543389947717060e-02 6.842420511880131784e-02 8.448652383633614704e-02 6.910089965546184487e-02 6.228967271075713796e-02 6.193952009044201290e-02 7.782478234642864479e-02 5.264347665787871833e-02 4.954070287988132648e-02 5.546157354365943704e-02 4.477525879774768569e-02 4.637927883000880769e-02 6.818148556537595439e-02 4.462809917394494619e-02 3.240220195676313253e-02 3.767126560128453150e-02 4.258877106017155967e-02 3.089634731425761061e-02 5.706980150945772934e-02 3.442494899370007744e-02 1.538608035554966946e-02 5.915968996946086023e-02 3.327464282149783514e-02 1.875238828001801750e-02 5.339957928610061799e-02 4.465367228777195052e-02 6.027859870551255383e-02 4.486419897106941335e-02 5.285069911021755829e-02
7.484220880802094911e-02 7.071502120485906318e-02 6.801658890554929116e-02 8.377086600062266797e-02 6.908623762606458385e-02 6.343376715735127291e-02 6.218721706510654812e-02 7.762081059899550439e-02 5.309781656040746256e-02 5.008045410400585595e-02 5.561480836308962949e-02 4.460785337419759244e-02 4.674406223371496694e-02 6.752344193660109184e-02 4.459534258900887949e-02 3.223604124124523906e-02 3.778396423562213613e-02 4.259877086059349338e-02 3.096992862738812136e-02 5.721172751964909153e-02 3.401728284152705228e-02 1.533905158768034127e-02 5.921065670202896314e-02 3.280966694399500838e-02 1.869147683872141030e-02 5.343452122852898611e-02 4.434568879932099250e-02 5.966341334026692422e-02 4.466969885388838435e-02 5.214094706978400495e-02
7.469044817595049679e-02 7.025451825610895540e-02 6.842196475894235519e-02 8.414652259044874683e-02 6.898181237044376246e-02 6.293976454427019362e-02 6.177208250800569900e-02 7.724719491534726146e-02 5.321636042188693239e-02 4.941669708034890363e-02 5.583574952251879608e-02 4.422427568093345585e-02 4.672535945106659483e-02 6.735389932744828556e-02 4.481014543306116593e-02 3.249014316969844884e-02 3.752137566217106368e-02 4.171704212724591798e-02 3.074158843865282265e-02 5.654583313309569093e-02 3.368614738165653932e-02 1.509915838944753119e-02 5.873419262954193698e-02 3.285943197545204697e-02 1.841291524617050257e-02 5.321074520853263934e-02 4.454675593330881256e-02 5.969340845525561434e-02 4.465953086791296656e-02 5.203720696588343131e-02
7.482306406143957034e-02 7.049444463091303348e-02 6.833009104002707446e-02 8.408480817030694610e-02 6.908199912870394144e-02 6.316720485015414610e-02 6.208609827237721035e-02 7.773996245545111705e-02 5.293682495951390621e-02 4.965305838796396642e-02 5.601063454204835423e-02 4.420947848847456285e-02 4.676629803077592129e-02 6.691060857408492879e-02 4.501182219724197964e-02 3.256862332759746792e-02 3.730580016692242040e-02 4.246429008353524992e-02 3.054031605469686994e-02 5.601915959833991820e-02 3.385242388069009678e-02 1.496319802699774826e-02 5.872104013649392940e-02 3.278268855271582183e-02 1.830967055812982025e-02 5.291685686056579740e-02 4.431645709422715740e-02 5.953548620230852961e-02 4.414130427007201263e-02 5.207878612635452598e-02
7.414986340575868695e-02 7.001083241594940887e-02 6.809815928713858213e-02 8.466089956872613342e-02 6.821161367030814660e-02 6.293275615583837634e-02 6.152967196171088560e-02 7.853511287331871316e-02 5.251537568302611092e-02 4.935559626050167736e-02 5.577078659768641700e-02 4.431896923185441040e-02 4.707622937560662635e-02 6.715153795796213743e-02 4.484767627485419794e-02 3.230715794567284860e-02 3.765201079615465574e-02 4.321492219742006924e-02 3.035619705303993499e-02 5.683381457078828802e-02 3.365578128421375936e-02 1.500428794531449839e-02 5.948380071086489806e-02 3.245420637890994442e-02 1.835710217681008061e-02 5.312706055573368502e-02 4.446122487181414229e-02 6.002131998141324587e-02 4.404540419732105860e-02 5.189725005275613867e-02
7.435022354296805247e-02 7.039931456417702904e-02 6.781369144565330132e-02 8.354266680911459630e-02 6.882027142068558589e-02 6.360990636902696949e-02 6.221238322580591174e-02 7.760552723436653366e-02 5.332134422346035407e-02 5.006717493975054722e-02 5.531076152213776354e-02 4.463234524887482735e-02 4.686786892202965404e-02 6.771208909793902109e-02 4.437534273092103021e-02 3.202791199559307245e-02 3.710821460522817361e-02 4.207408537919299363e-02 3.054520330947019247e-02 5.715960850191370568e-02 3.343198420464021936e-02 1.510627757276994387e-02 5.868479921537206323e-02 3.319954364564381422e-02 1.852539562660160399e-02 5.243498054181561230e-02 4.394293501559864978e-02 5.938785340201535590e-02 4.394948951075638988e-02 5.174568400234669241e-02
7.515264668145693605e-02 7.093616754587950268e-02 6.818100632491708168e-02 8.557376401542038380e-02 6.893485468910931502e-02 6.341543673240357393e-02 6.228410442133691660e-02 7.853925470480183080e-02 5.257230125831791057e-02 4.959079668871879676e-02 5.547471106040058331e-02 4.447659035569495600e-02 4.672419215997347663e-02 6.687930682834197782e-02 4.486780413438884452e-02 3.227338677358781993e-02 3.708976133136454578e-02 4.216611359217115051e-02 3.068874724016978917e-02 5.640972666587984463e-02 3.361246473497914167e-02 1.497109629338444492e-02 5.936163790429072051e-02 3.280197483514735168e-02 1.827235503506452474e-02 5.255204501092958225e-02 4.393634007237201544e-02 5.969684175196210418e-02 4.411743510698373782e-02 5.184799786787319675e-02
7.480353324442123863e-02 6.979570941275037299e-02 6.781594558687187302e-02 8.394562694089779953e-02 6.870052838023621433e-02 6.334974170306617580e-02 6.124406525840031534e-02 7.805163252810176644e-02 5.239786890492714733e-02 4.982724917519121277e-02 5.533970027117529611e-02 4.428526341098359964e-02 4.712526103588654536e-02 6.777620310898857525e-02 4.468128412099225955e-02 3.227618114745078870e-02 3.770878262130583636e-02 4.279124649129384395e-02 3.074186500832842839e-02 5.673318791197967670e-02 3.407923404944090962e-02 1.524520528462236513e-02 5.928577223539566177e-02 3.304402791701299691e-02 1.864632487364925595e-02 5.296286199162381081e-02 4.442021634381676520e-02 6.040391787558840875e-02 4.446242884925677430e-02 5.202583429167262352e-02
7.525265571884043325e-02 7.007732540404010280e-02 6.855998146723329967e-02 8.384402186086159503e-02 6.896454172023913642e-02 6.265574148195840465e-02 6.140932127859732859e-02 7.758365047283533045e-02 5.267657925203517166e-02 4.973030807390266261e-02 5.550639737215190550e-02 4.443692113072117422e-02 4.643181916110039609e-02 6.746567185130514233e-02 4.498769636791610793e-02 3.239068440899739443e-02 3.740053846321655939e-02 4.251470061185580462e-02 3.087454652228238672e-02 5.656301034839295028e-02 3.370793559595375299e-02 1.480846851494854732e-02 5.971745552026108683e-02 3.277313738595433179e-02 1.819071784777381851e-02 5.319319129100419374e-02 4.417512364595799212e-02 6.009359949864601091e-02 4.430218977915201251e-02 5.191809006480818667e-02
7.441376186685522143e-02 7.015165796555278277e-02 6.775540824591796962e-02 8.429746048874875441e-02 6.888781333823645880e-02 6.228059035840960433e-02 6.240565307970014075e-02 7.790062388231033808e-02 5.296341405672411184e-02 4.926602804626911691e-02 5.587637632761932593e-02 4.444126616623611525e-02 4.748248184740644362e-02 6.720761597864877146e-02 4.424494007407986373e-02 3.199341889226436919e-02 3.706376127612465154e-02 4.270201813314766781e-02 3.002869796291873783e-02 5.657021451118504629e-02 3.377019352223609161e-02 1.507183315001192625e-02 5.943578496476664697e-02 3.242100290879612601e-02 1.844591938590323110e-02 5.245159912857477735e-02 4.405367519111935692e-02 5.950375450455336335e-02 4.439334624088342451e-02 5.149959340701437682e-02
7.518855824293080303e-02 6.988514747426410878e-02 6.796349045490002183e-02 8.410055302836871860e-02 6.888251640410558707e-02 6.321908703936740537e-02 6.194750810752580605e-02 7.728692749864318756e-02 5.263918825437441384e-02 4.993307570782556937e-02 5.530270923107272196e-02 4.421867704242510300e-02 4.614679584184910865e-02 6.707963725886623152e-02 4.422418884195433719e-02 3.199133356935535133e-02 3.698603982152848246e-02 4.215353646788111419e-02 3.041143538742785424e-02 5.614475719592526559e-02 3.354225369840513338e-02 1.501705483141790864e-02 5.857874106546834270e-02 3.295710986088273842e-02 1.842275791112113481e-02 5.277678680003594636e-02 4.426706948922642937e-02 5.925933859844434437e-02 4.381418337681797226e-02 5.170195472165728390e-02
7.452410404488007956e-02 7.062356896057098155e-02 6.822053852927378870e-02 8.400654834591891884e-02 6.855123800529216993e-02 6.290625342392663910e-02 6.249064116174762873e-02 7.740211205736446942e-02 5.249717061809056062e-02 4.953337418014758242e-02 5.554678586685302122e-02 4.461221437519613531e-02 4.665325112249263384e-02 6.719280611198730213e-02 4.499291328601495721e-02 3.253319167017254543e-02 3.732212542906587771e-02 4.214480958666833033e-02 3.071779901797055956e-02 5.697260791877889474e-02 3.367421393379865791e-02 1.493697588927789255e-02 5.887457548864105661e-02 3.277182731125360959e-02 1.836836165737887328e-02 5.354426034475778806e-02 4.427156358198303110e-02 5.956324223074993540e-02 4.428520623651444055e-02 5.172000740849336253e-02
7.449155159700016071e-02 7.068486385279548756e-02 6.824091781879459973e-02 8.446966225655305749e-02 6.850346235284909824e-02 6.297016638984187509e-02 6.167488857408676139e-02 7.815753904348365921e-02 5.234685899217117466e-02 4.935786190716795474e-02 5.590454088900731477e-02 4.445647584787781881e-02 4.708530039793457078e-02 6.754573151889875504e-02 4.433020557668143624e-02 3.204402274631501513e-02 3.745982718376028586e-02 4.206623119913022180e-02 3.066664267022645163e-02 5.649738057496289656e-02 3.318461589680232748e-02 1.505070059401614202e-02 5.932105599190418133e-02 3.309141619361843922e-02 1.839941570197822784e-02 5.279144429233362246e-02 4.396150563983169945e-02 6.013568667864266359e-02 4.453137450445110446e-02 5.095127655811548806e-02
7.488248280691367498e-02 7.024703243820074050e-02 6.872102962989545816e-02 8.520976438430993838e-02 6.881872609626871196e-02 6.277864702149882348e-02 6.161382308598595259e-02 7.847082441305541778e-02 5.308259666463754911e-02 4.945473220279072990e-02 5.524848129103565597e-02 4.462172882546422414e-02 4.703235167312547205e-02 6.776325362141788489e-02 4.513168360799646450e-02 3.261300375578990440e-02 3.743770810905155955e-02 4.228702146829554920e-02 3.075055339005317023e-02 5.706599395657896423e-02 3.352395436710375876e-02 1.529724054459258298e-02 5.941861647725987794e-02 3.247786233799221378e-02 1.849994035696722605e-02 5.321396857093274591e-02 4.408850364324745641e-02 6.002479539358596128e-02 4.440932543513209652e-02 5.146060303093547006e-02
7.505401439522341178e-02 7.053604103679544934e-02 6.880453520193352546e-02 8.460115123509437396e-02 6.909805225011389496e-02 6.277528695511680468e-02 6.171309332479513188e-02 7.798897787649305968e-02 5.270623235376215021e-02 4.941689766338175360e-02 5.595827256330387911e-02 4.485180436559410566e-02 4.706530366220418315e-02 6.721032843162433323e-02 4.489669857777833784e-02 3.249498048556853647e-02 3.701142885287689310e-02 4.215796771930957476e-02 3.028523613983180596e-02 5.593318536431324262e-02 3.375591394972188297e-02 1.497309226804199866e-02 5.885177900258575789e-02 3.283718913941502393e-02 1.814312075815971426e-02 5.282653526164748925e-02 4.421330385879596037e-02 5.957664553526154094e-02 4.385825549101163290e-02 5.174494731719692098e-02
7.538297411783911883e-02 7.060730334079945436e-02 6.895783578704328676e-02 8.471391118640969609e-02 6.940607788392583188e-02 6.309904118310383225e-02 6.179533774434853299e-02 7.832777173816651839e-02 5.282752416778535576e-02 4.993278072347528962e-02 5.637870754366902659e-02 4.471023144467656252e-02 4.693916400816400269e-02 6.738610513038612027e-02 4.472237924640731777e-02 3.248270590113078171e-02 3.736557847477950389e-02 4.245196221280123083e-02 3.084509469932061876e-02 5.688082249133197266e-02 3.410927023276144610e-02 1.511785978775304073e-02 5.936790349032872172e-02 3.267682212042632983e-02 1.847138994136354739e-02 5.330060692268645539e-02 4.414423902290831592e-02 6.016234251237362329e-02 4.461167709004820736e-02 5.222436036912769808e-02
7.447249331044236698e-02 7.018661065325870752e-02 6.847791243855771981e-02 8.461041990444906347e-02 6.800857732562803903e-02 6.292646408754665188e-02 6.172215221935273277e-02 7.773341087981622266e-02 5.215409686345884310e-02 4.946008773726351393e-02 5.551985836548878339e-02 4.470212005381135612e-02 4.666582387195283843e-02 6.710888141593862599e-02 4.495659847213451243e-02 3.261687433012250281e-02 3.734471492058677455e-02 4.264802403061684899e-02 3.091941259555985866e-02 5.711179086742390609e-02 3.345905248277736277e-02 1.518747800702602291e-02 5.909510302365150736e-02 3.242612981897829982e-02 1.850729178289123311e-02 5.335654549555979287e-02 4.443852097910605536e-02 5.980087438453596249e-02 4.435446072399473749e-02 5.099028554371276556e-02
7.505541130124004923e-02 7.002166223507355625e-02 6.846688844453474587e-02 8.468434856507522923e-02 6.926903125643812942e-02 6.339863702185377647e-02 6.156303624488046466e-02 7.825691147811086879e-02 5.297414048895854322e-02 4.992541674897088555e-02 5.564981951312875097e-02 4.439028596276983762e-02 4.693574284724322254e-02 6.748641729616888796e-02 4.468252420221885401e-02 3.248794072960370372e-02 3.738829804400545243e-02 4.250917319053071353e-02 3.093726147324016296e-02 5.657705943628466017e-02 3.391856526223335777e-02 1.519779285759481624e-02 5.884819852597011902e-02 3.322163662828048203e-02 1.857478688212621520e-02 5.323132008746878086e-02 4.455769023966205111e-02 5.943639100261233210e-02 4.454896563577470658e-02 5.240985444522072711e-02
7.498848827812576445e-02 6.975744840556519222e-02 6.833463548356144557e-02 8.410672877407998627e-02 6.923622933461581752e-02 6.251042000580442348e-02 6.196445741866751789e-02 7.776702669127466550e-02 5.293920413509400902e-02 4.956348163007184837e-02 5.488781924785612887e-02 4.447663113518007805e-02 4.671632389128621554e-02 6.726268691988623871e-02 4.459023981250664903e-02 3.208054539807303485e-02 3.722252646655954678e-02 4.233446669661677930e-02 3.037210377975663178e-02 5.703363890376955680e-02 3.333902454407411398e-02 1.505031735691009231e-02 5.931278721763177941e-02 3.268921373960242960e-02 1.843100298400113246e-02 5.276931893800851370e-02 4.399072047822771836e-02 5.995319997049186611e-02 4.431873582534118228e-02 5.138927031230400289e-02
7.486308074785430478e-02 7.080905521297342631e-02 6.834948625709591497e-02 8.386666982075130505e-02 6.925240335196791719e-02 6.320758169856333097e-02 6.185118908852560438e-02 7.804005349636256028e-02 5.285342572911622128e-02 4.994076181492212996e-02 5.504012668054736324e-02 4.430043451989806869e-02 4.696835038741431489e-02 6.761758019189034741e-02 4.426531161387714519e-02 3.199964310567438019e-02 3.719400889349655515e-02 4.229122086793424273e-02 3.059582646749037238e-02 5.659944012055984075e-02 3.315108711042569212e-02 1.526347110695303044e-02 5.879905398807494521e-02 3.296091037301263071e-02 1.850185339096777071e-02 5.246939542860751260e-02 4.446644410534483782e-02 5.925244575261068292e-02 4.385733423977811185e-02 5.135225608007010223e-02
7.497783495838783452e-02 7.101082874961051061e-02 6.867408472260860819e-02 8.389955018715866686e-02 6.875846772463267698e-02 6.302099464419619324e-02 6.224577309235090894e-02 7.762823296718357469e-02 5.221669365940817542e-02 4.986047005654370423e-02 5.583389204895539137e-02 4.453335739738450982e-02 4.651102809052742870e-02 6.741653001812597523e-02 4.483688093147053522e-02 3.255076977117576931e-02 3.755232050218282325e-02 4.231786900639367133e-02 3.080774861643886808e-02 5.689329326069270110e-02 3.400500913071846654e-02 1.522208741034569712e-02 5.919963332563371594e-02 3.300436363218084423e-02 1.854561035190371854e-02 5.313286472817901895e-02 4.447394128891435372e-02 5.992568320879021471e-02 4.442978240594719352e-02 5.228236344542569469e-02
7.486529851011258785e-02 6.989136176513088827e-02 6.814873661383025194e-02 8.472038303931128667e-02 6.928190029480152390e-02 6.279686266632245051e-02 6.110660803965828336e-02 7.773449906656182407e-02 5.281748039126910044e-02 5.008292008309789267e-02 5.611771974194512680e-02 4.439172633548515989e-02 4.685971706406188986e-02 6.751326393313572538e-02 4.470075824917429941e-02 3.276501821477673104e-02 3.763897599632581858e-02 4.250146002362420461e-02 3.104896162374970459e-02 5.652829619254573501e-02 3.413465980660213006e-02 1.528455606713396975e-02 5.940389914857835407e-02 3.296234134162956408e-02 1.874324962133844252e-02 5.299123513011183562e-02 4.438843658340418941e-02 5.976137004579440415e-02 4.443008014583238463e-02 5.208302716029766799e-02
7.462200727728696137e-02 7.042526036847673865e-02 6.862383301374208600e-02 8.402942337196916966e-02 6.863418271319821073e-02 6.289174420728960158e-02 6.208122548828631793e-02 7.799558475250156775e-02 5.256444838082163784e-02 4.939510022948789825e-02 5.559828762513241429e-02 4.428755622405589065e-02 4.642946819919657742e-02 6.706476024949559189e-02 4.431879745791755809e-02 3.207861046094295787e-02 3.717753527503964150e-02 4.246779798975719444e-02 3.061744818747502705e-02 5.684087082919431211e-02 3.339232076629805590e-02 1.512525128632313809e-02 5.895541728544273496e-02 3.269759395353277753e-02 1.853223129885561704e-02 5.309884482892979207e-02 4.436497382042547954e-02 5.954302311882564425e-02 4.401850964752274109e-02 5.169030208667191317e-02
7.496039883919136670e-02 7.035212450255556860e-02 6.831256870793289693e-02 8.353255707000029062e-02 6.868192581897680782e-02 6.289151441652807151e-02 6.223974309198698762e-02 7.729065675315593964e-02 5.290045312472591021e-02 4.987696459125912085e-02 5.581825924813754725e-02 4.461077978455785242e-02 4.678292418954743681e-02 6.830995639603498759e-02 4.526317583456851423e-02 3.291036355311227624e-02 3.711807104797637535e-02 4.256336532905802272e-02 3.155977310842716932e-02 5.737224556801479025e-02 3.319466413409255523e-02 1.534842414954429302e-02 5.984733113487816780e-02 3.314242972833136847e-02 1.886503306039122307e-02 5.403481695091283399e-02 4.513811582647964116e-02 6.045980198825695595e-02 4.435379117969384666e-02 5.136691968536588604e-02
7.395963506423708367e-02 7.054311417076597479e-02 6.715253001383869602e-02 8.483805608981320745e-02 6.839047551767762911e-02 6.257924497165134881e-02 6.187425170362059745e-02 7.854710295236300155e-02 5.228251061495603480e-02 4.942254204124552075e-02 5.589500619274812010e-02 4.395696410216620720e-02 4.724093520280003844e-02 6.793111418022812487e-02 4.526952250135263256e-02 3.280657893034621964e-02 3.740219097768271439e-02 4.286152958792222023e-02 3.093517749262630900e-02 5.669083457171897322e-02 3.394001765113774383e-02 1.501904402907738856e-02 5.858569282085035468e-02 3.259546978976901599e-02 1.845689789622273480e-02 5.322391116186464544e-02 4.454460073418609056e-02 5.948460907240216144e-02 4.474513334445529011e-02 5.193352358445357808e-02
7.453109233989518856e-02 7.059619396169392047e-02 6.836796380898846337e-02 8.363208039147451700e-02 6.838176156203390477e-02 6.346238446181695636e-02 6.212662508546129558e-02 7.785083346208843125e-02 5.283052400414645078e-02 4.962529762440404113e-02 5.538301981620685766e-02 4.447657700731566521e-02 4.632003173440635280e-02 6.678352006980992073e-02 4.453476728224137204e-02 3.203986043276474405e-02 3.698980940795548733e-02 4.232114006643650228e-02 3.020174747077852828e-02 5.643394574062288171e-02 3.308201340132299606e-02 1.483864970973014508e-02 5.919053538217644572e-02 3.280056126011610118e-02 1.822254300020542672e-02 5.280006147239113545e-02 4.424525464403794572e-02 5.999275320998265215e-02 4.376561163239856000e-02 5.092039366816880630e-02
7.506830458165225650e-02 7.010617629699789077e-02 6.790993871181871810e-02 8.492656349447536002e-02 6.924241446208556638e-02 6.344740585246277931e-02 6.148204440062432496e-02 7.876040429425268385e-02 5.330382770734809483e-02 4.988243264737501903e-02 5.576149230988436400e-02 4.448274261390849915e-02 4.771336812733384392e-02 6.777626852761553522e-02 4.513131838790318540e-02 3.280323476392510429e-02 3.773160396295560659e-02 4.264176287902632367e-02 3.045226029584124916e-02 5.722607765196618956e-02 3.368368489282902445e-02 1.515356029681846906e-02 5.933273956602347354e-02 3.300874271375198177e-02 1.845447441001102362e-02 5.291745148768445262e-02 4.460157784390972324e-02 5.979177001388125134e-02 4.427471633083257530e-02 5.155320419823761213e-02
7.504248270714208857e-02 7.061617188499136333e-02 6.840447112654146622e-02 8.357752090678971513e-02 6.882944754803954623e-02 6.355391557373479827e-02 6.175448138668970799e-02 7.711557454546413837e-02 5.274759688879893105e-02 4.998194554761647979e-02 5.522587526503874855e-02 4.430261365294807518e-02 4.609748087623000146e-02 6.689492295998666904e-02 4.458083225530184990e-02 3.237369957436797563e-02 3.741663865109767784e-02 4.216113725335324247e-02 3.047469506413680307e-02 5.643463439262719206e-02 3.394816107892939527e-02 1.491070694389806661e-02 5.897423623925313052e-02 3.251991714086654994e-02 1.822423955265062290e-02 5.281179940165880993e-02 4.376966564134354698e-02 5.898457414495172912e-02 4.401008670683204116e-02 5.197199956033760060e-02
7.464383113483163967e-02 7.035545133170595378e-02 6.830539238098465304e-02 8.381352253792373475e-02 6.891238251554732130e-02 6.311119643446483352e-02 6.213780539949453896e-02 7.770854906863267075e-02 5.307921591273423445e-02 4.944657913334626897e-02 5.490180378163467267e-02 4.438452930578984379e-02 4.637126676839820050e-02 6.740457484759376783e-02 4.398625366891284472e-02 3.158515837735853538e-02 3.779144425653369055e-02 4.260311948604167398e-02 3.064100553194082366e-02 5.721667505301075707e-02 3.364011903581332064e-02 1.517995142106665085e-02 5.907382803184013653e-02 3.297832579544479614e-02 1.853607835441506424e-02 5.286968579118500600e-02 4.409145795293634151e-02 5.981909192134216013e-02 4.431948877172509071e-02 5.163345639765060113e-02
7.432376464376178049e-02 7.029201484754343809e-02 6.862896303298970935e-02 8.467668434950770262e-02 6.875236228332282096e-02 6.332084870662191278e-02 6.275439145584016387e-02 7.832938382647602893e-02 5.263969849626271014e-02 4.967812783866554227e-02 5.530607006278209781e-02 4.474572046741309705e-02 4.734655188338132703e-02 6.790788072831110966e-02 4.480253262612343690e-02 3.236896561557500718e-02 3.768972712939522296e-02 4.259675767926207612e-02 3.052773041183121094e-02 5.669321901060486724e-02 3.395958544118693467e-02 1.492724149326862815e-02 5.955754504713040021e-02 3.259704326795365148e-02 1.833847251270181999e-02 5.299817195851952434e-02 4.425356757473331015e-02 6.038889416854376080e-02 4.455287331983592836e-02 5.223811914756470998e-02
7.457035429124214687e-02 7.012398604294789450e-02 6.805690077527737358e-02 8.412574396812066979e-02 6.839091276635933525e-02 6.279871497870948005e-02 6.203295145080112150e-02 7.742715407987876830e-02 5.211351666004393479e-02 4.911723819304647520e-02 5.525471642430224151e-02 4.417446956489268217e-02 4.690986736055080542e-02 6.701404214742145982e-02 4.466321682547258476e-02 3.238289004779471014e-02 3.729125416994305553e-02 4.160051044936441400e-02 3.052131758910014980e-02 5.627217787632865509e-02 3.341396938799734428e-02 1.478543379227037491e-02 6.010874403177801639e-02 3.223482289120394029e-02 1.819147207337223904e-02 5.285150849291753161e-02 4.388233193567891988e-02 6.016859636425753166e-02 4.470239498906458664e-02 5.165904060948811605e-02
7.469412019351873155e-02 7.035932752574858284e-02 6.842255106275763055e-02 8.435757966498291793e-02 6.861646455717274051e-02 6.305449525670869804e-02 6.129607965294825433e-02 7.858016657748212452e-02 5.276754619453694062e-02 4.976456367829662497e-02 5.553113647468244096e-02 4.435263293254454453e-02 4.766872721796966417e-02 6.748570695101019368e-02 4.465056624771435168e-02 3.243782724766397507e-02 3.742681309125783784e-02 4.239166328453691790e-02 3.044887751143310339e-02 5.669307139560064712e-02 3.338243931344919702e-02 1.527098581514829689e-02 5.914861627619671935e-02 3.254277688183648820e-02 1.861592985308346826e-02 5.253558367834632037e-02 4.408141569546586425e-02 6.004639736494121749e-02 4.405000448806317692e-02 5.156574146783654555e-02
7.442431365025869994e-02 7.036718746788928058e-02 6.778222916366916095e-02 8.465913095015586975e-02 6.790178174441585668e-02 6.297060202859583455e-02 6.136707473999303275e-02 7.783106505157766364e-02 5.275535615145310331e-02 4.954247492223684546e-02 5.562347262474132137e-02 4.436476200831274141e-02 4.651278624983357091e-02 6.714337182541241233e-02 4.465616662859073216e-02 3.222672720493680032e-02 3.715257692995876937e-02 4.241312959338250366e-02 3.023156187106712522e-02 5.606305173763281857e-02 3.367378581357316492e-02 1.510396163467930819e-02 5.852277248858683834e-02 3.268641300995334120e-02 1.846609126414877622e-02 5.299037570791398366e-02 4.452011337818317926e-02 5.935581894829500271e-02 4.380845951547440720e-02 5.195590565643470882e-02
7.482524687474922942e-02 7.067970421432923089e-02 6.799820063156314376e-02 8.379221463322616970e-02 6.886518433610522294e-02 6.276484149441996507e-02 6.232024746114595004e-02 7.816770902353020745e-02 5.233929081178256837e-02 4.930592647252662886e-02 5.535126046919724985e-02 4.421495076345260955e-02 4.703502987614971431e-02 6.714861270103833490e-02 4.423375518135275186e-02 3.186002448787483843e-02 3.720306549808061192e-02 4.240953101700606354e-02 3.050582918397415355e-02 5.627980178210112427e-02 3.346908920217739336e-02 1.497256943260971696e-02 5.915665981038031873e-02 3.245083278639437907e-02 1.833191211071882876e-02 5.305567821831758124e-02 4.388983030751747449e-02 5.922039502016041013e-02 4.452413916994135690e-02 5.144055669232372452e-02
7.480972457099666073e-02 7.077212985053060734e-02 6.781751552883674705e-02 8.482892447090994992e-02 6.856673354149478428e-02 6.362197180228434945e-02 6.214393429781228662e-02 7.790814064007056672e-02 5.264615698852237458e-02 5.006887501207701874e-02 5.554311574606796142e-02 4.428979163439716871e-02 4.703630825846927266e-02 6.794365872698993059e-02 4.522540836490485106e-02 3.265049406358766504e-02 3.723176488935076023e-02 4.238963262087391826e-02 3.066665681743563354e-02 5.692356799606068662e-02 3.329987843344683895e-02 1.518603488105396693e-02 6.031968709496426939e-02 3.286208030225212795e-02 1.856452822643506195e-02 5.319935880143367157e-02 4.434563408720704203e-02 6.032222311755930377e-02 4.469442708312421075e-02 5.150763201287400506e-02
7.413014784762950171e-02 7.036138991472373760e-02 6.826156131684202322e-02 8.504912889487581396e-02 6.840673077834402704e-02 6.323436892575617918e-02 6.138744996423195488e-02 7.849015768382905378e-02 5.317722006097191922e-02 4.931608118050156975e-02 5.535250419243009645e-02 4.445344784195182086e-02 4.666650153048523819e-02 6.735138969094522920e-02 4.445639255622468866e-02 3.231843271585255195e-02 3.741573746106885423e-02 4.204316112536199412e-02 3.071593922795567977e-02 5.643519494709003936e-02 3.337751957423451543e-02 1.502174801833922047e-02 5.883032633966411851e-02 3.253058466731539866e-02 1.831411576200148161e-02 5.323586085352394193e-02 4.426304786480406150e-02 5.923629426523424613e-02 4.373174739471119565e-02 5.197571745995066550e-02
7.477254882521933155e-02 7.113610934170377931e-02 6.861351867095999424e-02 8.473737863290375927e-02 6.962025246013325841e-02 6.309477160478538238e-02 6.209975107147780449e-02 7.774394219954716689e-02 5.284498635421241985e-02 4.965835361896075995e-02 5.553841961216487988e-02 4.484194932234730757e-02 4.684458509069333587e-02 6.717979726170275612e-02 4.489839933906081271e-02 3.257940661985836428e-02 3.738717074581598965e-02 4.228667150269549424e-02 3.024314869696231867e-02 5.658213562039726696e-02 3.383830598724690830e-02 1.523865784357791853e-02 5.896708568664621453e-02 3.283371711111726654e-02 1.877050540280089663e-02 5.309863463764452618e-02 4.422186250314341649e-02 5.951162726755843124e-02 4.431910955887108372e-02 5.221188815343857925e-02
7.487323298913262093e-02 7.126649222784964266e-02 6.805849948012054895e-02 8.446550575862632471e-02 6.901287707032599528e-02 6.335356321029284032e-02 6.225751261927170432e-02 7.875375018224595181e-02 5.285290989622337676e-02 5.000807021671560548e-02 5.562845177762199000e-02 4.472442809275456455e-02 4.785114656220823548e-02 6.754522778625693391e-02 4.475739045199844668e-02 3.238488532957184418e-02 3.821809029990808071e-02 4.234537772425017721e-02 3.087721079265071111e-02 5.736930989271371573e-02 3.390284900013762481e-02 1.552098567909254712e-02 5.964702453417070060e-02 3.338230072293058015e-02 1.894356052031520576e-02 5.311202883943622055e-02 4.475458568799961512e-02 6.002052543383973315e-02 4.463358203779321798e-02 5.224145401064284044e-02
7.488807435724087469e-02 7.074283994146224330e-02 6.783157080002544248e-02 8.387143650324269117e-02 6.882577535281964032e-02 6.309135256751430276e-02 6.195539260231486267e-02 7.775867934313573926e-02 5.201002843782909224e-02 4.959079456670423269e-02 5.540233693492080391e-02 4.438420183435276556e-02 4.633429668332489371e-02 6.731087487566211891e-02 4.457976327537638284e-02 3.254639224665867303e-02 3.711859701450626048e-02 4.252894678550234175e-02 3.087591911561515801e-02 5.650341054393948070e-02 3.334793943560043772e-02 1.521166625587078158e-02 5.946143585044527669e-02 3.292203428396378584e-02 1.867301832504342229e-02 5.309263187529866812e-02 4.443709447120403055e-02 6.005750708946555605e-02 4.406288392658330721e-02 5.167477779741913579e-02
7.499806374512063556e-02 7.111083355306613285e-02 6.854212229703193771e-02 8.428777588723956882e-02 6.905217693418430613e-02 6.357659003320748070e-02 6.192892066719313249e-02 7.795452478432096655e-02 5.328801207008604379e-02 5.015845225146220443e-02 5.535466067036542981e-02 4.486160713807718636e-02 4.686811173136185005e-02 6.777180976092989084e-02 4.528448621941061347e-02 3.300076925394135330e-02 3.763344120879841270e-02 4.263840343245695053e-02 3.078010582954782137e-02 5.775701800150612186e-02 3.420071397559043547e-02 1.551934691104817077e-02 5.951218002430413989e-02 3.319511523309026657e-02 1.895377535338971242e-02 5.316492121547700123e-02 4.481377089872173869e-02 5.964035826167490839e-02 4.432376468063825570e-02 5.241287849099451890e-02
7.523444500067943963e-02 6.993669375506517127e-02 6.854097372450507208e-02 8.468684958029593091e-02 6.921331086270665622e-02 6.282542039996119598e-02 6.129897986303678437e-02 7.693425008127308118e-02 5.306857798352604405e-02 4.987915100312179106e-02 5.548816652773203018e-02 4.425628205356835210e-02 4.698326479665970723e-02 6.710096508034313345e-02 4.434844411755189952e-02 3.190871614715629079e-02 3.722405959884511617e-02 4.226275337115792397e-02 3.053586995538992710e-02 5.618466292979507060e-02 3.359098620793465884e-02 1.478351581281556193e-02 5.847932912413300599e-02 3.293350841385400685e-02 1.823365649076791328e-02 5.305006745550056024e-02 4.436810613953445781e-02 5.942112360229900858e-02 4.419396169789902018e-02 5.178845835030010392e-02
7.439046563713302973e-02 7.131041311074293176e-02 6.835037057572002084e-02 8.429425625918840481e-02 6.857259066271792491e-02 6.325365157853468645e-02 6.276222435770018038e-02 7.784924828705941380e-02 5.271478787219852080e-02 5.001006781842187721e-02 5.589752572330652924e-02 4.468052053907056731e-02 4.711277047225648218e-02 6.739281234238170271e-02 4.493305427248728279e-02 3.253969513379306733e-02 3.723547988052677837e-02 4.243624617745167527e-02 3.050287034433329936e-02 5.676184242091331100e-02 3.365096394436806193e-02 1.509141379104628200e-02 5.942181365492560374e-02 3.290992437538120541e-02 1.845652504522465875e-02 5.306069090735432425e-02 4.406541858757728747e-02 6.005382301226358521e-02 4.411378879939098496e-02 5.182072958163175258e-02
7.477149145831862853e-02 7.010371946177151870e-02 6.817188163336007634e-02 8.411147692075449100e-02 6.932697729526049457e-02 6.336751980982935351e-02 6.162387475532105086e-02 7.819499450304734367e-02 5.265631865032283088e-02 4.978466158982675083e-02 5.550970368431284996e-02 4.433688514324130026e-02 4.692618102902557098e-02 6.770629538788019985e-02 4.461624418527065927e-02 3.210557238334255103e-02 3.746169957423406416e-02 4.188596683341883065e-02 3.067838660021715569e-02 5.618549308773035378e-02 3.366433175867689087e-02 1.514316022940587203e-02 5.857857777287867052e-02 3.283558524383956012e-02 1.850065798635913694e-02 5.299318612113390614e-02 4.408632919582000653e-02 5.955117679431420896e-02 4.409983353541635509e-02 5.166301630755976149e-02
7.532918342298833281e-02 7.031831695977919239e-02 6.799913377761512834e-02 8.447063613910676949e-02 6.876361034460254373e-02 6.337415071429930435e-02 6.101984057970755160e-02 7.771650804977880966e-02 5.307103356578757314e-02 4.978815566362815304e-02 5.521431567556689401e-02 4.444243431608185801e-02 4.704473221939453609e-02 6.819028845881636158e-02 4.495823201399673508e-02 3.246429171607490005e-02 3.756038809147188573e-02 4.229855077212540948e-02 3.021951831811531264e-02 5.638293000369642982e-02 3.397085227175766775e-02 1.510339372278179937e-02 5.956245201232857056e-02 3.244038935256643441e-02 1.853147190398773958e-02 5.301525098633952382e-02 4.407388094884590046e-02 6.028651225531023172e-02 4.461005491962977132e-02 5.219841704000671712e-02
7.453404409629760252e-02 7.016305466274319613e-02 6.805371259742498680e-02 8.426376851336847551e-02 6.856001732777627922e-02 6.312444512476478309e-02 6.127968557877272460e-02 7.858314732857074603e-02 5.291034219293067054e-02 4.988106772146849721e-02 5.593020568324913455e-02 4.488568209419474542e-02 4.717949226125917050e-02 6.723305334559004365e-02 4.511371639624250918e-02 3.282400169815424817e-02 3.769503088504899679e-02 4.275120056586922956e-02 3.057930629641303355e-02 5.647209285314591654e-02 3.415572745064432425e-02 1.521303977354504511e-02 5.857076610375733239e-02 3.229737495581730400e-02 1.858645246588430666e-02 5.323890191711155850e-02 4.436764517171098987e-02 5.891036133603311242e-02 4.400008658431442399e-02 5.248975870994065929e-02
7.526246606250674986e-02 7.083654281742246539e-02 6.843911125479218427e-02 8.425369727258669172e-02 6.917581580077714065e-02 6.361828754065257385e-02 6.214268634392627888e-02 7.778561426320473871e-02 5.247520439315511709e-02 5.020806793650800515e-02 5.614390594816720537e-02 4.472819400114325106e-02 4.746153284888610102e-02 6.786897204414721330e-02 4.506457695913246297e-02 3.270738154516239504e-02 3.724374070262159719e-02 4.299476859702222598e-02 3.068097197320263092e-02 5.749338407326121114e-02 3.357726889648038338e-02 1.547198567749319409e-02 5.950468572046041515e-02 3.295343052772059522e-02 1.882501716812168269e-02 5.300057353577525276e-02 4.407115916849146942e-02 6.079208279494752176e-02 4.403514462612356795e-02 5.181522574387020796e-02
